,P1,P2,P3,P4,P5,P6,P7,P8,P9,Gesto
0,"(138, 456)","(269, 163)","(359, 139)","(243, 562)","(311, 408)","(0, 0)","(0, 0)","(0, 0)","(0, 0)",3
1,"(138, 456)","(269, 163)","(358, 139)","(244, 560)","(315, 407)","(0, 0)","(0, 0)","(0, 0)","(0, 0)",3
2,"(138, 456)","(269, 163)","(358, 139)","(244, 560)","(315, 407)","(0, 0)","(0, 0)","(0, 0)","(0, 0)",3
3,"(139, 454)","(269, 162)","(357, 139)","(244, 561)","(315, 407)","(0, 0)","(0, 0)","(0, 0)","(0, 0)",3
4,"(139, 454)","(269, 163)","(360, 138)","(245, 558)","(315, 407)","(0, 0)","(0, 0)","(0, 0)","(0, 0)",3
5,"(138, 456)","(268, 164)","(359, 138)","(245, 559)","(314, 407)","(0, 0)","(0, 0)","(0, 0)","(0, 0)",3
6,"(138, 456)","(268, 163)","(359, 138)","(245, 559)","(315, 407)","(0, 0)","(0, 0)","(0, 0)","(0, 0)",3
7,"(138, 456)","(268, 164)","(358, 138)","(245, 559)","(316, 406)","(0, 0)","(0, 0)","(0, 0)","(0, 0)",3
8,"(138, 456)","(269, 163)","(358, 138)","(245, 559)","(315, 406)","(0, 0)","(0, 0)","(0, 0)","(0, 0)",3
9,"(139, 454)","(269, 163)","(357, 138)","(245, 559)","(315, 406)","(0, 0)","(0, 0)","(0, 0)","(0, 0)",3
10,"(138, 456)","(269, 163)","(361, 137)","(245, 559)","(315, 406)","(0, 0)","(0, 0)","(0, 0)","(0, 0)",3
11,"(138, 456)","(269, 163)","(361, 137)","(245, 559)","(315, 406)","(0, 0)","(0, 0)","(0, 0)","(0, 0)",3
12,"(138, 456)","(269, 163)","(357, 138)","(245, 558)","(315, 406)","(0, 0)","(0, 0)","(0, 0)","(0, 0)",3
13,"(138, 456)","(268, 164)","(361, 137)","(245, 558)","(315, 406)","(0, 0)","(0, 0)","(0, 0)","(0, 0)",3
14,"(138, 456)","(269, 162)","(359, 137)","(245, 558)","(315, 406)","(0, 0)","(0, 0)","(0, 0)","(0, 0)",3
15,"(138, 456)","(269, 162)","(360, 137)","(245, 558)","(315, 406)","(0, 0)","(0, 0)","(0, 0)","(0, 0)",3
16,"(138, 456)","(268, 164)","(359, 137)","(245, 558)","(315, 406)","(0, 0)","(0, 0)","(0, 0)","(0, 0)",3
17,"(139, 453)","(269, 162)","(361, 137)","(245, 558)","(315, 406)","(0, 0)","(0, 0)","(0, 0)","(0, 0)",3
18,"(139, 453)","(269, 162)","(359, 137)","(245, 558)","(315, 406)","(0, 0)","(0, 0)","(0, 0)","(0, 0)",3
19,"(139, 453)","(268, 164)","(360, 137)","(245, 558)","(315, 406)","(0, 0)","(0, 0)","(0, 0)","(0, 0)",3
20,"(139, 453)","(270, 161)","(359, 137)","(245, 558)","(315, 406)","(0, 0)","(0, 0)","(0, 0)","(0, 0)",3
21,"(139, 453)","(269, 162)","(360, 137)","(245, 558)","(315, 406)","(420, 594)","(0, 0)","(0, 0)","(0, 0)",3
22,"(137, 458)","(269, 162)","(359, 137)","(245, 558)","(315, 406)","(0, 0)","(0, 0)","(0, 0)","(0, 0)",3
23,"(139, 453)","(269, 162)","(359, 137)","(245, 558)","(315, 406)","(0, 0)","(0, 0)","(0, 0)","(0, 0)",3
24,"(139, 453)","(269, 162)","(360, 137)","(245, 558)","(314, 406)","(0, 0)","(0, 0)","(0, 0)","(0, 0)",3
25,"(138, 455)","(269, 162)","(359, 137)","(245, 558)","(315, 406)","(0, 0)","(0, 0)","(0, 0)","(0, 0)",3
26,"(138, 455)","(269, 162)","(359, 137)","(245, 558)","(316, 405)","(420, 596)","(0, 0)","(0, 0)","(0, 0)",3
27,"(138, 455)","(268, 163)","(358, 137)","(245, 558)","(316, 405)","(0, 0)","(0, 0)","(0, 0)","(0, 0)",3
28,"(138, 455)","(270, 162)","(358, 137)","(245, 558)","(316, 405)","(0, 0)","(0, 0)","(0, 0)","(0, 0)",3
29,"(138, 455)","(270, 162)","(357, 137)","(245, 557)","(316, 405)","(0, 0)","(0, 0)","(0, 0)","(0, 0)",3
30,"(138, 454)","(268, 160)","(360, 136)","(245, 557)","(316, 404)","(0, 0)","(0, 0)","(0, 0)","(0, 0)",3
31,"(0, 0)","(0, 0)","(0, 0)","(0, 0)","(0, 0)","(0, 0)","(0, 0)","(0, 0)","(0, 0)",3
32,"(137, 456)","(269, 160)","(359, 136)","(245, 556)","(316, 404)","(0, 0)","(0, 0)","(0, 0)","(0, 0)",3
33,"(138, 452)","(268, 159)","(358, 136)","(245, 556)","(316, 403)","(0, 0)","(0, 0)","(0, 0)","(0, 0)",3
34,"(137, 453)","(268, 159)","(359, 135)","(245, 554)","(316, 402)","(0, 0)","(0, 0)","(0, 0)","(0, 0)",3
35,"(138, 448)","(268, 157)","(358, 134)","(244, 553)","(315, 401)","(0, 0)","(0, 0)","(0, 0)","(0, 0)",3
36,"(138, 447)","(267, 158)","(361, 132)","(244, 552)","(315, 400)","(0, 0)","(0, 0)","(0, 0)","(0, 0)",3
37,"(137, 448)","(269, 154)","(358, 132)","(244, 551)","(315, 399)","(0, 0)","(0, 0)","(0, 0)","(0, 0)",3
38,"(137, 447)","(268, 156)","(359, 131)","(244, 550)","(315, 398)","(0, 0)","(0, 0)","(0, 0)","(0, 0)",3
39,"(138, 444)","(268, 153)","(358, 131)","(244, 549)","(315, 398)","(0, 0)","(0, 0)","(0, 0)","(0, 0)",3
40,"(137, 445)","(269, 154)","(360, 130)","(243, 550)","(315, 397)","(0, 0)","(0, 0)","(0, 0)","(0, 0)",3
41,"(137, 443)","(269, 154)","(359, 130)","(243, 548)","(315, 396)","(0, 0)","(0, 0)","(0, 0)","(0, 0)",3
42,"(136, 444)","(269, 153)","(360, 129)","(243, 546)","(315, 395)","(0, 0)","(0, 0)","(0, 0)","(0, 0)",3
43,"(136, 443)","(268, 152)","(360, 128)","(242, 547)","(314, 394)","(0, 0)","(0, 0)","(0, 0)","(0, 0)",3
44,"(136, 442)","(268, 150)","(361, 127)","(242, 546)","(313, 394)","(0, 0)","(0, 0)","(0, 0)","(0, 0)",3
45,"(136, 442)","(268, 151)","(360, 127)","(242, 546)","(314, 393)","(0, 0)","(0, 0)","(0, 0)","(0, 0)",3
46,"(136, 442)","(269, 148)","(360, 127)","(242, 546)","(314, 393)","(0, 0)","(0, 0)","(0, 0)","(0, 0)",3
47,"(136, 442)","(268, 150)","(359, 127)","(242, 546)","(313, 393)","(0, 0)","(0, 0)","(0, 0)","(0, 0)",3
48,"(137, 439)","(267, 150)","(359, 127)","(242, 545)","(314, 392)","(0, 0)","(0, 0)","(0, 0)","(0, 0)",3
49,"(136, 441)","(268, 149)","(360, 126)","(242, 544)","(314, 392)","(0, 0)","(0, 0)","(0, 0)","(0, 0)",3
50,"(136, 440)","(268, 147)","(358, 126)","(242, 543)","(314, 390)","(0, 0)","(0, 0)","(0, 0)","(0, 0)",3
51,"(137, 436)","(268, 146)","(361, 124)","(242, 541)","(314, 389)","(0, 0)","(0, 0)","(0, 0)","(0, 0)",3
52,"(137, 434)","(268, 144)","(360, 123)","(242, 539)","(313, 388)","(0, 0)","(0, 0)","(0, 0)","(0, 0)",3
53,"(135, 438)","(269, 143)","(359, 123)","(242, 539)","(314, 387)","(0, 0)","(0, 0)","(0, 0)","(0, 0)",3
54,"(135, 438)","(269, 143)","(358, 123)","(242, 539)","(314, 387)","(0, 0)","(0, 0)","(0, 0)","(0, 0)",3
55,"(136, 436)","(269, 143)","(363, 122)","(242, 539)","(314, 387)","(0, 0)","(0, 0)","(0, 0)","(0, 0)",3
56,"(136, 436)","(269, 143)","(362, 122)","(242, 539)","(314, 387)","(0, 0)","(0, 0)","(0, 0)","(0, 0)",3
57,"(136, 436)","(269, 143)","(360, 122)","(242, 539)","(314, 387)","(0, 0)","(0, 0)","(0, 0)","(0, 0)",3
58,"(136, 436)","(268, 143)","(358, 122)","(242, 539)","(314, 386)","(0, 0)","(0, 0)","(0, 0)","(0, 0)",3
59,"(137, 433)","(268, 142)","(361, 120)","(243, 536)","(314, 385)","(0, 0)","(0, 0)","(0, 0)","(0, 0)",3
60,"(137, 432)","(269, 141)","(359, 119)","(243, 535)","(315, 383)","(0, 0)","(0, 0)","(0, 0)","(0, 0)",3
61,"(137, 431)","(270, 137)","(360, 117)","(244, 531)","(315, 381)","(0, 0)","(0, 0)","(0, 0)","(0, 0)",3
62,"(138, 427)","(270, 137)","(361, 115)","(244, 530)","(315, 379)","(0, 0)","(0, 0)","(0, 0)","(0, 0)",3
63,"(138, 425)","(270, 135)","(360, 113)","(244, 528)","(316, 376)","(0, 0)","(0, 0)","(0, 0)","(0, 0)",3
64,"(138, 423)","(271, 132)","(360, 111)","(244, 527)","(316, 375)","(0, 0)","(0, 0)","(0, 0)","(0, 0)",3
65,"(138, 422)","(269, 131)","(361, 108)","(244, 525)","(317, 371)","(0, 0)","(0, 0)","(0, 0)","(0, 0)",3
66,"(138, 421)","(270, 130)","(360, 107)","(245, 522)","(316, 370)","(0, 0)","(0, 0)","(0, 0)","(0, 0)",3
67,"(138, 420)","(271, 128)","(361, 105)","(245, 520)","(316, 368)","(0, 0)","(0, 0)","(0, 0)","(0, 0)",3
68,"(139, 416)","(271, 125)","(362, 103)","(245, 519)","(317, 366)","(0, 0)","(0, 0)","(0, 0)","(0, 0)",3
69,"(139, 414)","(271, 123)","(363, 101)","(246, 515)","(318, 363)","(0, 0)","(0, 0)","(0, 0)","(0, 0)",3
70,"(139, 413)","(271, 123)","(365, 99)","(245, 515)","(318, 361)","(0, 0)","(0, 0)","(0, 0)","(0, 0)",3
71,"(140, 409)","(272, 120)","(361, 98)","(245, 514)","(318, 359)","(0, 0)","(0, 0)","(0, 0)","(0, 0)",3
72,"(140, 408)","(273, 118)","(362, 96)","(246, 511)","(318, 358)","(0, 0)","(0, 0)","(0, 0)","(0, 0)",3
73,"(140, 407)","(271, 118)","(363, 95)","(246, 510)","(318, 357)","(0, 0)","(0, 0)","(0, 0)","(0, 0)",3
74,"(140, 406)","(272, 116)","(362, 94)","(246, 509)","(318, 356)","(0, 0)","(0, 0)","(0, 0)","(0, 0)",3
75,"(140, 406)","(272, 114)","(363, 93)","(246, 508)","(319, 354)","(0, 0)","(0, 0)","(0, 0)","(0, 0)",3
76,"(140, 405)","(272, 115)","(363, 92)","(246, 507)","(319, 353)","(0, 0)","(0, 0)","(0, 0)","(0, 0)",3
77,"(140, 404)","(273, 114)","(363, 91)","(246, 506)","(319, 352)","(0, 0)","(0, 0)","(0, 0)","(0, 0)",3
78,"(140, 404)","(272, 112)","(364, 90)","(246, 505)","(319, 351)","(0, 0)","(0, 0)","(0, 0)","(0, 0)",3
79,"(139, 406)","(273, 111)","(364, 90)","(246, 505)","(318, 352)","(0, 0)","(0, 0)","(0, 0)","(0, 0)",3
80,"(140, 404)","(272, 114)","(365, 90)","(246, 506)","(319, 352)","(0, 0)","(0, 0)","(0, 0)","(0, 0)",3
81,"(140, 404)","(272, 114)","(363, 91)","(246, 506)","(318, 353)","(0, 0)","(0, 0)","(0, 0)","(0, 0)",3
82,"(139, 406)","(273, 113)","(363, 91)","(246, 506)","(318, 353)","(0, 0)","(0, 0)","(0, 0)","(0, 0)",3
83,"(140, 404)","(273, 113)","(363, 91)","(246, 506)","(319, 353)","(0, 0)","(0, 0)","(0, 0)","(0, 0)",3
84,"(140, 404)","(273, 113)","(363, 91)","(246, 506)","(318, 353)","(0, 0)","(0, 0)","(0, 0)","(0, 0)",3
85,"(140, 404)","(273, 113)","(363, 91)","(246, 506)","(319, 353)","(0, 0)","(0, 0)","(0, 0)","(0, 0)",3
86,"(140, 404)","(272, 114)","(363, 91)","(246, 506)","(317, 353)","(0, 0)","(0, 0)","(0, 0)","(0, 0)",3
87,"(140, 404)","(273, 113)","(363, 91)","(245, 508)","(319, 352)","(0, 0)","(0, 0)","(0, 0)","(0, 0)",3
88,"(140, 404)","(272, 114)","(363, 91)","(245, 508)","(319, 352)","(0, 0)","(0, 0)","(0, 0)","(0, 0)",3
89,"(140, 404)","(272, 114)","(363, 91)","(246, 506)","(319, 352)","(0, 0)","(0, 0)","(0, 0)","(0, 0)",3
90,"(140, 404)","(272, 114)","(362, 91)","(246, 505)","(319, 352)","(0, 0)","(0, 0)","(0, 0)","(0, 0)",3
91,"(140, 404)","(273, 111)","(362, 91)","(245, 508)","(319, 352)","(0, 0)","(0, 0)","(0, 0)","(0, 0)",3
92,"(140, 404)","(273, 111)","(362, 91)","(246, 505)","(319, 352)","(0, 0)","(0, 0)","(0, 0)","(0, 0)",3
93,"(140, 404)","(273, 111)","(362, 91)","(247, 503)","(319, 352)","(0, 0)","(0, 0)","(0, 0)","(0, 0)",3
94,"(140, 404)","(272, 112)","(362, 91)","(246, 505)","(318, 352)","(0, 0)","(0, 0)","(0, 0)","(0, 0)",3
95,"(140, 404)","(273, 111)","(362, 91)","(246, 505)","(318, 352)","(0, 0)","(0, 0)","(0, 0)","(0, 0)",3
96,"(139, 406)","(273, 111)","(363, 91)","(246, 505)","(318, 352)","(0, 0)","(0, 0)","(0, 0)","(0, 0)",3
97,"(139, 406)","(273, 111)","(362, 91)","(245, 507)","(319, 352)","(0, 0)","(0, 0)","(0, 0)","(0, 0)",3
98,"(140, 403)","(273, 111)","(362, 91)","(246, 504)","(318, 352)","(0, 0)","(0, 0)","(0, 0)","(0, 0)",3
99,"(140, 403)","(272, 114)","(362, 91)","(246, 504)","(319, 352)","(0, 0)","(0, 0)","(0, 0)","(0, 0)",3
100,"(140, 403)","(273, 111)","(363, 91)","(245, 506)","(319, 352)","(0, 0)","(0, 0)","(0, 0)","(0, 0)",3
101,"(140, 402)","(272, 114)","(363, 91)","(245, 506)","(319, 352)","(0, 0)","(0, 0)","(0, 0)","(0, 0)",3
102,"(141, 399)","(272, 114)","(364, 91)","(245, 505)","(318, 353)","(0, 0)","(0, 0)","(0, 0)","(0, 0)",3
103,"(141, 399)","(272, 114)","(365, 91)","(245, 506)","(318, 353)","(0, 0)","(0, 0)","(0, 0)","(0, 0)",3
104,"(140, 402)","(273, 113)","(362, 92)","(245, 506)","(318, 353)","(0, 0)","(0, 0)","(0, 0)","(0, 0)",3
105,"(140, 401)","(274, 112)","(363, 92)","(244, 508)","(319, 353)","(0, 0)","(0, 0)","(0, 0)","(0, 0)",3
106,"(141, 398)","(273, 112)","(363, 92)","(245, 505)","(318, 353)","(0, 0)","(0, 0)","(0, 0)","(0, 0)",3
107,"(142, 395)","(272, 114)","(364, 92)","(245, 505)","(318, 353)","(0, 0)","(0, 0)","(0, 0)","(0, 0)",3
108,"(141, 397)","(273, 113)","(364, 92)","(245, 505)","(319, 353)","(0, 0)","(0, 0)","(0, 0)","(0, 0)",3
109,"(142, 394)","(273, 113)","(364, 92)","(245, 504)","(319, 353)","(0, 0)","(0, 0)","(0, 0)","(0, 0)",3
110,"(141, 396)","(273, 114)","(365, 92)","(245, 504)","(319, 353)","(366, 93)","(0, 0)","(0, 0)","(0, 0)",3
111,"(142, 393)","(273, 113)","(364, 93)","(245, 504)","(319, 354)","(0, 0)","(0, 0)","(0, 0)","(0, 0)",3
112,"(141, 395)","(275, 113)","(364, 94)","(245, 503)","(320, 354)","(0, 0)","(0, 0)","(0, 0)","(0, 0)",3
113,"(143, 390)","(275, 114)","(366, 94)","(244, 505)","(319, 355)","(0, 0)","(0, 0)","(0, 0)","(0, 0)",3
114,"(142, 392)","(275, 113)","(366, 95)","(244, 505)","(320, 355)","(0, 0)","(0, 0)","(0, 0)","(0, 0)",3
115,"(142, 391)","(275, 114)","(366, 96)","(244, 504)","(320, 356)","(0, 0)","(0, 0)","(0, 0)","(0, 0)",3
116,"(142, 390)","(276, 112)","(368, 96)","(243, 505)","(320, 356)","(0, 0)","(0, 0)","(0, 0)","(0, 0)",3
117,"(141, 392)","(277, 114)","(369, 97)","(243, 504)","(320, 356)","(0, 0)","(0, 0)","(0, 0)","(0, 0)",3
118,"(140, 393)","(277, 113)","(372, 97)","(243, 503)","(320, 357)","(0, 0)","(0, 0)","(0, 0)","(0, 0)",3
119,"(141, 389)","(278, 115)","(370, 98)","(242, 504)","(320, 357)","(0, 0)","(0, 0)","(0, 0)","(0, 0)",3
120,"(141, 387)","(280, 113)","(371, 98)","(242, 502)","(320, 357)","(0, 0)","(0, 0)","(0, 0)","(0, 0)",3
121,"(141, 386)","(280, 113)","(370, 99)","(242, 501)","(320, 357)","(0, 0)","(0, 0)","(0, 0)","(0, 0)",3
122,"(143, 381)","(281, 110)","(371, 99)","(240, 504)","(320, 357)","(0, 0)","(0, 0)","(0, 0)","(0, 0)",3
123,"(143, 380)","(282, 110)","(372, 100)","(241, 502)","(321, 357)","(0, 0)","(0, 0)","(0, 0)","(0, 0)",3
124,"(144, 377)","(284, 110)","(373, 100)","(241, 501)","(321, 357)","(0, 0)","(0, 0)","(0, 0)","(0, 0)",3
125,"(145, 374)","(288, 109)","(378, 102)","(243, 499)","(324, 357)","(0, 0)","(0, 0)","(0, 0)","(0, 0)",3
126,"(147, 371)","(290, 110)","(383, 102)","(243, 499)","(325, 357)","(0, 0)","(0, 0)","(0, 0)","(0, 0)",3
127,"(148, 369)","(292, 109)","(380, 103)","(243, 499)","(326, 357)","(0, 0)","(0, 0)","(0, 0)","(0, 0)",3
128,"(146, 372)","(293, 108)","(381, 103)","(243, 498)","(326, 357)","(0, 0)","(0, 0)","(0, 0)","(0, 0)",3
129,"(147, 370)","(295, 109)","(386, 104)","(244, 497)","(327, 358)","(0, 0)","(0, 0)","(0, 0)","(0, 0)",3
130,"(147, 370)","(294, 110)","(387, 105)","(244, 497)","(328, 358)","(0, 0)","(0, 0)","(0, 0)","(0, 0)",3
131,"(147, 370)","(295, 110)","(389, 106)","(244, 497)","(328, 359)","(0, 0)","(0, 0)","(0, 0)","(0, 0)",3
132,"(150, 365)","(298, 109)","(393, 108)","(244, 498)","(327, 360)","(0, 0)","(0, 0)","(0, 0)","(0, 0)",3
133,"(150, 365)","(301, 112)","(393, 109)","(245, 496)","(327, 360)","(0, 0)","(0, 0)","(0, 0)","(0, 0)",3
134,"(150, 364)","(303, 110)","(395, 110)","(245, 496)","(330, 361)","(0, 0)","(0, 0)","(0, 0)","(0, 0)",3
135,"(151, 362)","(304, 110)","(394, 110)","(245, 495)","(329, 361)","(0, 0)","(0, 0)","(0, 0)","(0, 0)",3
136,"(151, 361)","(306, 110)","(396, 111)","(245, 494)","(330, 361)","(0, 0)","(0, 0)","(0, 0)","(0, 0)",3
137,"(152, 358)","(307, 110)","(395, 111)","(245, 493)","(330, 360)","(0, 0)","(0, 0)","(0, 0)","(0, 0)",3
138,"(152, 356)","(308, 108)","(400, 112)","(245, 492)","(332, 360)","(0, 0)","(0, 0)","(0, 0)","(0, 0)",3
139,"(152, 355)","(310, 109)","(401, 112)","(245, 491)","(332, 359)","(0, 0)","(0, 0)","(0, 0)","(0, 0)",3
140,"(152, 353)","(313, 107)","(403, 113)","(245, 489)","(334, 359)","(0, 0)","(0, 0)","(0, 0)","(0, 0)",3
141,"(154, 349)","(315, 107)","(405, 114)","(246, 487)","(334, 359)","(0, 0)","(0, 0)","(0, 0)","(0, 0)",3
142,"(155, 347)","(316, 108)","(408, 116)","(246, 487)","(336, 360)","(0, 0)","(0, 0)","(0, 0)","(0, 0)",3
143,"(157, 344)","(320, 107)","(409, 117)","(247, 486)","(337, 360)","(0, 0)","(0, 0)","(0, 0)","(0, 0)",3
144,"(156, 345)","(322, 108)","(412, 119)","(249, 483)","(338, 361)","(0, 0)","(0, 0)","(0, 0)","(0, 0)",3
145,"(158, 342)","(324, 108)","(415, 121)","(249, 483)","(339, 361)","(0, 0)","(0, 0)","(0, 0)","(0, 0)",3
146,"(158, 342)","(326, 109)","(413, 121)","(249, 483)","(339, 361)","(0, 0)","(0, 0)","(0, 0)","(0, 0)",3
147,"(158, 341)","(325, 108)","(415, 121)","(249, 482)","(339, 361)","(0, 0)","(0, 0)","(0, 0)","(0, 0)",3
148,"(158, 340)","(325, 108)","(415, 121)","(249, 481)","(340, 361)","(430, 526)","(0, 0)","(0, 0)","(0, 0)",3
149,"(158, 339)","(326, 108)","(415, 121)","(249, 480)","(339, 360)","(0, 0)","(0, 0)","(0, 0)","(0, 0)",3
150,"(159, 336)","(325, 108)","(416, 121)","(248, 480)","(339, 359)","(0, 0)","(0, 0)","(0, 0)","(0, 0)",3
151,"(160, 333)","(326, 106)","(417, 121)","(248, 478)","(331, 104)","(340, 359)","(423, 585)","(0, 0)","(0, 0)",3
152,"(159, 332)","(328, 104)","(415, 120)","(248, 475)","(339, 357)","(423, 583)","(0, 0)","(0, 0)","(0, 0)",3
153,"(159, 329)","(329, 104)","(416, 120)","(246, 474)","(338, 356)","(420, 585)","(0, 0)","(0, 0)","(0, 0)",3
154,"(158, 328)","(328, 103)","(416, 120)","(244, 475)","(337, 356)","(0, 0)","(0, 0)","(0, 0)","(0, 0)",3
155,"(158, 328)","(327, 104)","(417, 121)","(246, 473)","(337, 357)","(0, 0)","(0, 0)","(0, 0)","(0, 0)",3
156,"(159, 327)","(329, 104)","(417, 122)","(246, 474)","(338, 358)","(0, 0)","(0, 0)","(0, 0)","(0, 0)",3
157,"(159, 327)","(329, 105)","(419, 123)","(246, 474)","(338, 358)","(0, 0)","(0, 0)","(0, 0)","(0, 0)",3
158,"(160, 325)","(329, 105)","(416, 122)","(247, 472)","(339, 358)","(418, 591)","(0, 0)","(0, 0)","(0, 0)",3
159,"(160, 323)","(330, 105)","(420, 123)","(246, 472)","(338, 357)","(0, 0)","(0, 0)","(0, 0)","(0, 0)",3
160,"(162, 319)","(330, 104)","(418, 122)","(247, 469)","(339, 357)","(0, 0)","(0, 0)","(0, 0)","(0, 0)",3
161,"(160, 320)","(330, 103)","(420, 122)","(246, 469)","(340, 356)","(418, 588)","(0, 0)","(0, 0)","(0, 0)",3
162,"(163, 314)","(333, 100)","(420, 122)","(247, 466)","(341, 355)","(0, 0)","(0, 0)","(0, 0)","(0, 0)",3
163,"(162, 314)","(334, 102)","(422, 122)","(247, 465)","(341, 354)","(419, 587)","(0, 0)","(0, 0)","(0, 0)",3
164,"(163, 312)","(334, 101)","(423, 122)","(248, 464)","(342, 354)","(0, 0)","(0, 0)","(0, 0)","(0, 0)",3
165,"(163, 312)","(335, 102)","(422, 122)","(247, 466)","(342, 354)","(0, 0)","(0, 0)","(0, 0)","(0, 0)",3
166,"(163, 312)","(335, 101)","(422, 122)","(247, 466)","(343, 355)","(419, 589)","(420, 588)","(0, 0)","(0, 0)",3
167,"(164, 311)","(336, 101)","(423, 123)","(247, 466)","(342, 355)","(0, 0)","(0, 0)","(0, 0)","(0, 0)",3
168,"(163, 312)","(336, 100)","(423, 123)","(248, 464)","(342, 355)","(419, 589)","(0, 0)","(0, 0)","(0, 0)",3
169,"(164, 310)","(335, 102)","(424, 124)","(249, 463)","(344, 356)","(420, 588)","(0, 0)","(0, 0)","(0, 0)",3
170,"(166, 307)","(339, 103)","(426, 126)","(248, 464)","(344, 356)","(0, 0)","(0, 0)","(0, 0)","(0, 0)",3
171,"(167, 306)","(341, 104)","(430, 129)","(250, 462)","(345, 357)","(420, 593)","(0, 0)","(0, 0)","(0, 0)",3
172,"(168, 305)","(345, 105)","(431, 131)","(251, 462)","(348, 359)","(421, 597)","(0, 0)","(0, 0)","(0, 0)",3
173,"(171, 301)","(348, 106)","(434, 134)","(252, 461)","(349, 360)","(0, 0)","(0, 0)","(0, 0)","(0, 0)",3
174,"(171, 301)","(349, 107)","(435, 135)","(252, 461)","(349, 360)","(0, 0)","(0, 0)","(0, 0)","(0, 0)",3
175,"(172, 299)","(349, 106)","(436, 136)","(253, 459)","(350, 360)","(421, 596)","(0, 0)","(0, 0)","(0, 0)",3
176,"(172, 299)","(350, 106)","(436, 136)","(252, 460)","(350, 360)","(0, 0)","(0, 0)","(0, 0)","(0, 0)",3
177,"(171, 300)","(350, 106)","(436, 136)","(252, 460)","(350, 359)","(420, 596)","(0, 0)","(0, 0)","(0, 0)",3
178,"(171, 300)","(350, 107)","(437, 136)","(252, 460)","(350, 359)","(421, 595)","(0, 0)","(0, 0)","(0, 0)",3
179,"(172, 298)","(350, 107)","(437, 136)","(253, 458)","(350, 359)","(425, 570)","(0, 0)","(0, 0)","(0, 0)",3
180,"(174, 294)","(351, 107)","(438, 137)","(253, 456)","(350, 358)","(0, 0)","(0, 0)","(0, 0)","(0, 0)",3
181,"(172, 295)","(352, 104)","(438, 137)","(252, 455)","(350, 357)","(0, 0)","(0, 0)","(0, 0)","(0, 0)",3
182,"(173, 292)","(351, 105)","(439, 137)","(252, 454)","(350, 356)","(419, 597)","(419, 597)","(0, 0)","(0, 0)",3
183,"(173, 291)","(353, 103)","(440, 137)","(252, 453)","(351, 356)","(0, 0)","(0, 0)","(0, 0)","(0, 0)",3
184,"(172, 292)","(352, 103)","(440, 137)","(253, 451)","(351, 355)","(0, 0)","(0, 0)","(0, 0)","(0, 0)",3
185,"(174, 287)","(355, 101)","(443, 139)","(253, 449)","(352, 354)","(419, 597)","(0, 0)","(0, 0)","(0, 0)",3
186,"(173, 287)","(355, 101)","(443, 139)","(251, 450)","(352, 354)","(0, 0)","(0, 0)","(0, 0)","(0, 0)",3
187,"(173, 285)","(356, 102)","(447, 142)","(253, 446)","(353, 354)","(0, 0)","(0, 0)","(0, 0)","(0, 0)",3
188,"(174, 282)","(361, 101)","(449, 144)","(253, 444)","(353, 354)","(0, 0)","(0, 0)","(0, 0)","(0, 0)",3
189,"(178, 276)","(360, 102)","(450, 145)","(249, 447)","(352, 353)","(0, 0)","(0, 0)","(0, 0)","(0, 0)",3
190,"(179, 274)","(361, 102)","(452, 147)","(250, 445)","(352, 353)","(0, 0)","(0, 0)","(0, 0)","(0, 0)",3
191,"(176, 275)","(363, 101)","(451, 147)","(249, 445)","(354, 354)","(462, 176)","(0, 0)","(0, 0)","(0, 0)",3
192,"(178, 273)","(362, 102)","(452, 148)","(248, 445)","(353, 354)","(0, 0)","(0, 0)","(0, 0)","(0, 0)",3
193,"(179, 272)","(363, 102)","(452, 148)","(248, 445)","(353, 354)","(0, 0)","(0, 0)","(0, 0)","(0, 0)",3
194,"(179, 271)","(365, 102)","(454, 150)","(250, 443)","(354, 354)","(0, 0)","(0, 0)","(0, 0)","(0, 0)",3
195,"(178, 271)","(365, 102)","(455, 151)","(249, 443)","(354, 354)","(0, 0)","(0, 0)","(0, 0)","(0, 0)",3
196,"(178, 270)","(365, 101)","(453, 150)","(249, 442)","(354, 354)","(0, 0)","(0, 0)","(0, 0)","(0, 0)",3
197,"(179, 268)","(368, 102)","(455, 152)","(249, 441)","(354, 354)","(0, 0)","(0, 0)","(0, 0)","(0, 0)",3
198,"(180, 266)","(367, 102)","(453, 151)","(249, 440)","(354, 354)","(0, 0)","(0, 0)","(0, 0)","(0, 0)",3
199,"(180, 264)","(369, 103)","(456, 154)","(249, 439)","(355, 355)","(0, 0)","(0, 0)","(0, 0)","(0, 0)",3
200,"(184, 258)","(373, 104)","(460, 158)","(250, 436)","(356, 355)","(0, 0)","(0, 0)","(0, 0)","(0, 0)",3
201,"(184, 256)","(375, 105)","(460, 159)","(251, 434)","(357, 355)","(0, 0)","(0, 0)","(0, 0)","(0, 0)",3
202,"(186, 253)","(378, 106)","(463, 162)","(250, 433)","(358, 355)","(0, 0)","(0, 0)","(0, 0)","(0, 0)",3
203,"(187, 251)","(379, 106)","(466, 164)","(251, 431)","(359, 355)","(0, 0)","(0, 0)","(0, 0)","(0, 0)",3
204,"(186, 250)","(379, 106)","(465, 163)","(250, 430)","(358, 354)","(0, 0)","(0, 0)","(0, 0)","(0, 0)",3
205,"(188, 247)","(380, 105)","(465, 163)","(251, 428)","(358, 353)","(0, 0)","(0, 0)","(0, 0)","(0, 0)",3
206,"(188, 246)","(381, 105)","(465, 163)","(250, 428)","(359, 353)","(0, 0)","(0, 0)","(0, 0)","(0, 0)",3
207,"(187, 246)","(380, 105)","(464, 162)","(250, 427)","(359, 353)","(0, 0)","(0, 0)","(0, 0)","(0, 0)",3
208,"(191, 242)","(382, 106)","(468, 165)","(252, 425)","(361, 353)","(0, 0)","(0, 0)","(0, 0)","(0, 0)",3
209,"(192, 240)","(383, 104)","(468, 165)","(252, 424)","(360, 352)","(0, 0)","(0, 0)","(0, 0)","(0, 0)",3
210,"(191, 240)","(384, 105)","(469, 166)","(251, 424)","(360, 352)","(0, 0)","(0, 0)","(0, 0)","(0, 0)",3
211,"(193, 238)","(383, 105)","(468, 166)","(251, 423)","(360, 352)","(0, 0)","(0, 0)","(0, 0)","(0, 0)",3
212,"(193, 237)","(385, 105)","(469, 167)","(251, 422)","(361, 352)","(0, 0)","(0, 0)","(0, 0)","(0, 0)",3
213,"(193, 236)","(384, 104)","(470, 168)","(251, 421)","(361, 352)","(0, 0)","(0, 0)","(0, 0)","(0, 0)",3
214,"(193, 235)","(386, 104)","(471, 170)","(252, 419)","(362, 352)","(0, 0)","(0, 0)","(0, 0)","(0, 0)",3
215,"(194, 231)","(387, 105)","(472, 171)","(252, 416)","(361, 350)","(0, 0)","(0, 0)","(0, 0)","(0, 0)",3
216,"(194, 229)","(389, 103)","(478, 177)","(252, 414)","(362, 350)","(0, 0)","(0, 0)","(0, 0)","(0, 0)",3
217,"(194, 227)","(390, 105)","(475, 175)","(253, 412)","(364, 350)","(0, 0)","(0, 0)","(0, 0)","(0, 0)",3
218,"(194, 225)","(391, 104)","(476, 176)","(253, 410)","(363, 349)","(0, 0)","(0, 0)","(0, 0)","(0, 0)",3
219,"(197, 221)","(393, 104)","(477, 177)","(251, 409)","(363, 348)","(0, 0)","(0, 0)","(0, 0)","(0, 0)",3
220,"(196, 220)","(392, 102)","(477, 177)","(252, 407)","(362, 347)","(0, 0)","(0, 0)","(0, 0)","(0, 0)",3
221,"(197, 218)","(391, 103)","(477, 177)","(251, 406)","(363, 347)","(0, 0)","(0, 0)","(0, 0)","(0, 0)",3
222,"(197, 216)","(391, 102)","(477, 177)","(250, 404)","(361, 345)","(0, 0)","(0, 0)","(0, 0)","(0, 0)",3
223,"(197, 214)","(393, 103)","(478, 178)","(250, 402)","(361, 344)","(0, 0)","(0, 0)","(0, 0)","(0, 0)",3
224,"(196, 213)","(393, 102)","(479, 179)","(249, 401)","(361, 343)","(0, 0)","(0, 0)","(0, 0)","(0, 0)",3
225,"(195, 212)","(393, 101)","(479, 179)","(251, 398)","(361, 343)","(0, 0)","(0, 0)","(0, 0)","(0, 0)",3
226,"(197, 209)","(393, 101)","(478, 178)","(251, 396)","(361, 342)","(0, 0)","(0, 0)","(0, 0)","(0, 0)",3
227,"(197, 207)","(395, 99)","(484, 184)","(249, 396)","(362, 341)","(0, 0)","(0, 0)","(0, 0)","(0, 0)",3
228,"(198, 205)","(395, 99)","(483, 182)","(250, 394)","(362, 340)","(0, 0)","(0, 0)","(0, 0)","(0, 0)",3
229,"(199, 203)","(397, 101)","(484, 183)","(250, 393)","(360, 337)","(0, 0)","(0, 0)","(0, 0)","(0, 0)",3
230,"(199, 200)","(402, 102)","(489, 190)","(252, 390)","(362, 337)","(0, 0)","(0, 0)","(0, 0)","(0, 0)",3
231,"(200, 198)","(404, 101)","(490, 191)","(252, 389)","(363, 337)","(0, 0)","(0, 0)","(0, 0)","(0, 0)",3
232,"(204, 195)","(406, 102)","(491, 192)","(252, 388)","(364, 338)","(0, 0)","(0, 0)","(0, 0)","(0, 0)",3
233,"(201, 195)","(406, 102)","(489, 190)","(252, 387)","(363, 336)","(0, 0)","(0, 0)","(0, 0)","(0, 0)",3
234,"(203, 193)","(408, 103)","(492, 194)","(253, 386)","(364, 337)","(0, 0)","(0, 0)","(0, 0)","(0, 0)",3
235,"(204, 192)","(408, 103)","(495, 199)","(253, 385)","(365, 338)","(0, 0)","(0, 0)","(0, 0)","(0, 0)",3
236,"(206, 190)","(410, 105)","(496, 202)","(255, 384)","(366, 338)","(0, 0)","(0, 0)","(0, 0)","(0, 0)",3
237,"(207, 189)","(414, 108)","(499, 208)","(256, 383)","(368, 340)","(0, 0)","(0, 0)","(0, 0)","(0, 0)",3
238,"(207, 189)","(415, 109)","(502, 214)","(256, 383)","(369, 341)","(0, 0)","(0, 0)","(0, 0)","(0, 0)",3
239,"(206, 189)","(416, 110)","(502, 215)","(256, 383)","(369, 341)","(0, 0)","(0, 0)","(0, 0)","(0, 0)",3
240,"(206, 189)","(416, 110)","(502, 216)","(256, 383)","(370, 343)","(0, 0)","(0, 0)","(0, 0)","(0, 0)",3
241,"(208, 188)","(417, 112)","(502, 217)","(257, 383)","(370, 343)","(0, 0)","(0, 0)","(0, 0)","(0, 0)",3
242,"(206, 189)","(418, 112)","(504, 220)","(257, 383)","(369, 342)","(0, 0)","(0, 0)","(0, 0)","(0, 0)",3
243,"(206, 189)","(418, 112)","(504, 220)","(257, 383)","(370, 343)","(0, 0)","(0, 0)","(0, 0)","(0, 0)",3
244,"(207, 189)","(418, 112)","(503, 219)","(257, 383)","(370, 343)","(0, 0)","(0, 0)","(0, 0)","(0, 0)",3
245,"(207, 189)","(418, 112)","(504, 220)","(257, 383)","(370, 343)","(0, 0)","(0, 0)","(0, 0)","(0, 0)",3
246,"(207, 189)","(418, 112)","(503, 219)","(257, 383)","(371, 344)","(0, 0)","(0, 0)","(0, 0)","(0, 0)",3
247,"(207, 189)","(416, 110)","(503, 219)","(257, 383)","(369, 341)","(0, 0)","(0, 0)","(0, 0)","(0, 0)",3
248,"(206, 189)","(416, 111)","(504, 220)","(258, 382)","(370, 342)","(0, 0)","(0, 0)","(0, 0)","(0, 0)",3
249,"(206, 189)","(417, 110)","(504, 220)","(257, 382)","(369, 340)","(0, 0)","(0, 0)","(0, 0)","(0, 0)",3
250,"(208, 188)","(416, 111)","(504, 220)","(257, 382)","(369, 340)","(0, 0)","(0, 0)","(0, 0)","(0, 0)",3
251,"(208, 188)","(416, 111)","(505, 221)","(258, 381)","(369, 340)","(0, 0)","(0, 0)","(0, 0)","(0, 0)",3
252,"(207, 188)","(418, 111)","(504, 220)","(258, 381)","(370, 341)","(0, 0)","(0, 0)","(0, 0)","(0, 0)",3
253,"(207, 188)","(417, 110)","(505, 221)","(260, 380)","(370, 340)","(0, 0)","(0, 0)","(0, 0)","(0, 0)",3
254,"(207, 188)","(417, 110)","(503, 218)","(260, 380)","(370, 340)","(0, 0)","(0, 0)","(0, 0)","(0, 0)",3
255,"(207, 188)","(417, 111)","(503, 218)","(260, 380)","(370, 340)","(0, 0)","(0, 0)","(0, 0)","(0, 0)",3
256,"(207, 188)","(418, 111)","(506, 223)","(260, 380)","(371, 341)","(0, 0)","(0, 0)","(0, 0)","(0, 0)",3
257,"(208, 187)","(418, 111)","(506, 223)","(259, 380)","(372, 342)","(0, 0)","(0, 0)","(0, 0)","(0, 0)",3
258,"(207, 187)","(418, 111)","(506, 223)","(258, 380)","(372, 342)","(0, 0)","(0, 0)","(0, 0)","(0, 0)",3
259,"(207, 187)","(417, 109)","(506, 224)","(260, 379)","(371, 341)","(0, 0)","(0, 0)","(0, 0)","(0, 0)",3
260,"(208, 186)","(418, 111)","(506, 225)","(259, 379)","(371, 341)","(501, 262)","(0, 0)","(0, 0)","(0, 0)",3
261,"(207, 186)","(418, 111)","(507, 226)","(258, 379)","(370, 340)","(501, 264)","(509, 254)","(0, 0)","(0, 0)",3
262,"(207, 186)","(418, 111)","(506, 225)","(260, 378)","(370, 340)","(501, 264)","(0, 0)","(0, 0)","(0, 0)",3
263,"(208, 185)","(419, 111)","(506, 225)","(259, 378)","(370, 340)","(0, 0)","(0, 0)","(0, 0)","(0, 0)",3
264,"(209, 184)","(419, 111)","(506, 225)","(260, 377)","(370, 340)","(0, 0)","(0, 0)","(0, 0)","(0, 0)",3
265,"(208, 184)","(418, 111)","(506, 225)","(259, 377)","(371, 341)","(501, 262)","(0, 0)","(0, 0)","(0, 0)",3
266,"(208, 183)","(418, 109)","(506, 225)","(258, 377)","(370, 340)","(0, 0)","(0, 0)","(0, 0)","(0, 0)",3
267,"(208, 183)","(417, 110)","(506, 225)","(259, 377)","(371, 341)","(0, 0)","(0, 0)","(0, 0)","(0, 0)",3
268,"(208, 183)","(418, 109)","(506, 225)","(259, 377)","(371, 341)","(501, 263)","(0, 0)","(0, 0)","(0, 0)",3
269,"(208, 183)","(417, 110)","(506, 225)","(259, 377)","(370, 340)","(0, 0)","(0, 0)","(0, 0)","(0, 0)",3
270,"(208, 183)","(417, 110)","(506, 225)","(259, 377)","(371, 342)","(0, 0)","(0, 0)","(0, 0)","(0, 0)",3
271,"(208, 183)","(418, 109)","(506, 225)","(259, 377)","(370, 340)","(0, 0)","(0, 0)","(0, 0)","(0, 0)",3
272,"(208, 183)","(417, 110)","(507, 226)","(259, 377)","(370, 340)","(0, 0)","(0, 0)","(0, 0)","(0, 0)",3
273,"(210, 182)","(419, 110)","(507, 226)","(260, 376)","(371, 341)","(0, 0)","(0, 0)","(0, 0)","(0, 0)",3
274,"(209, 182)","(417, 110)","(507, 226)","(260, 376)","(371, 341)","(0, 0)","(0, 0)","(0, 0)","(0, 0)",3
275,"(209, 181)","(419, 110)","(507, 225)","(260, 375)","(371, 339)","(502, 261)","(0, 0)","(0, 0)","(0, 0)",3
276,"(211, 179)","(420, 108)","(507, 224)","(261, 373)","(372, 339)","(503, 262)","(0, 0)","(0, 0)","(0, 0)",3
277,"(212, 177)","(421, 109)","(509, 226)","(261, 372)","(372, 337)","(503, 262)","(0, 0)","(0, 0)","(0, 0)",3
278,"(214, 175)","(422, 108)","(508, 224)","(261, 370)","(373, 337)","(511, 256)","(0, 0)","(0, 0)","(0, 0)",3
279,"(213, 174)","(422, 108)","(509, 225)","(261, 369)","(372, 335)","(504, 262)","(0, 0)","(0, 0)","(0, 0)",3
280,"(213, 174)","(422, 108)","(508, 224)","(261, 369)","(373, 336)","(503, 262)","(0, 0)","(0, 0)","(0, 0)",3
281,"(213, 174)","(422, 108)","(509, 225)","(262, 369)","(373, 336)","(0, 0)","(0, 0)","(0, 0)","(0, 0)",3
282,"(214, 174)","(422, 108)","(508, 224)","(262, 369)","(373, 336)","(0, 0)","(0, 0)","(0, 0)","(0, 0)",3
283,"(214, 174)","(421, 107)","(508, 224)","(260, 370)","(373, 336)","(504, 262)","(0, 0)","(0, 0)","(0, 0)",3
284,"(214, 174)","(422, 108)","(508, 224)","(262, 369)","(373, 336)","(0, 0)","(0, 0)","(0, 0)","(0, 0)",3
285,"(213, 174)","(422, 108)","(509, 225)","(262, 369)","(373, 336)","(504, 262)","(0, 0)","(0, 0)","(0, 0)",3
286,"(213, 174)","(422, 108)","(509, 225)","(262, 369)","(373, 336)","(0, 0)","(0, 0)","(0, 0)","(0, 0)",3
287,"(213, 174)","(422, 108)","(509, 225)","(261, 369)","(373, 336)","(504, 261)","(0, 0)","(0, 0)","(0, 0)",3
288,"(213, 174)","(422, 108)","(508, 224)","(262, 369)","(373, 336)","(504, 261)","(0, 0)","(0, 0)","(0, 0)",3
289,"(213, 174)","(422, 108)","(508, 224)","(262, 369)","(373, 336)","(504, 262)","(0, 0)","(0, 0)","(0, 0)",3
290,"(214, 174)","(420, 108)","(508, 224)","(262, 369)","(374, 338)","(504, 262)","(511, 256)","(0, 0)","(0, 0)",3
291,"(214, 174)","(421, 107)","(508, 224)","(262, 369)","(372, 335)","(504, 263)","(0, 0)","(0, 0)","(0, 0)",3
292,"(214, 174)","(420, 108)","(510, 227)","(262, 369)","(373, 336)","(504, 262)","(0, 0)","(0, 0)","(0, 0)",3
293,"(214, 174)","(422, 108)","(508, 224)","(262, 369)","(373, 336)","(504, 262)","(0, 0)","(0, 0)","(0, 0)",3
294,"(212, 175)","(421, 107)","(508, 224)","(261, 370)","(373, 336)","(504, 262)","(0, 0)","(0, 0)","(0, 0)",3
295,"(212, 175)","(420, 108)","(508, 224)","(261, 370)","(373, 336)","(0, 0)","(0, 0)","(0, 0)","(0, 0)",3
296,"(213, 175)","(421, 107)","(508, 224)","(261, 370)","(373, 337)","(0, 0)","(0, 0)","(0, 0)","(0, 0)",3
297,"(213, 175)","(421, 109)","(508, 224)","(261, 371)","(372, 335)","(0, 0)","(0, 0)","(0, 0)","(0, 0)",3
298,"(212, 176)","(422, 109)","(508, 223)","(261, 372)","(372, 335)","(0, 0)","(0, 0)","(0, 0)","(0, 0)",3
299,"(212, 177)","(421, 107)","(507, 221)","(261, 373)","(373, 337)","(0, 0)","(0, 0)","(0, 0)","(0, 0)",3
300,"(214, 177)","(420, 107)","(509, 223)","(261, 374)","(373, 337)","(0, 0)","(0, 0)","(0, 0)","(0, 0)",3
301,"(213, 178)","(421, 108)","(508, 221)","(261, 375)","(372, 336)","(0, 0)","(0, 0)","(0, 0)","(0, 0)",3
302,"(212, 179)","(421, 108)","(508, 221)","(262, 375)","(372, 336)","(0, 0)","(0, 0)","(0, 0)","(0, 0)",3
303,"(211, 180)","(420, 108)","(506, 218)","(262, 376)","(372, 336)","(0, 0)","(0, 0)","(0, 0)","(0, 0)",3
304,"(209, 182)","(421, 107)","(507, 219)","(261, 377)","(372, 337)","(0, 0)","(0, 0)","(0, 0)","(0, 0)",3
305,"(209, 184)","(420, 108)","(507, 219)","(261, 379)","(373, 339)","(0, 0)","(0, 0)","(0, 0)","(0, 0)",3
306,"(209, 185)","(419, 106)","(506, 217)","(262, 380)","(371, 337)","(0, 0)","(0, 0)","(0, 0)","(0, 0)",3
307,"(211, 186)","(419, 107)","(506, 217)","(261, 382)","(372, 339)","(415, 105)","(0, 0)","(0, 0)","(0, 0)",3
308,"(210, 188)","(418, 108)","(506, 217)","(262, 383)","(371, 338)","(0, 0)","(0, 0)","(0, 0)","(0, 0)",3
309,"(209, 189)","(418, 107)","(506, 217)","(261, 384)","(372, 340)","(0, 0)","(0, 0)","(0, 0)","(0, 0)",3
310,"(208, 190)","(417, 109)","(505, 216)","(262, 384)","(371, 339)","(0, 0)","(0, 0)","(0, 0)","(0, 0)",3
311,"(208, 190)","(417, 108)","(505, 216)","(262, 384)","(371, 339)","(0, 0)","(0, 0)","(0, 0)","(0, 0)",3
312,"(208, 190)","(418, 108)","(505, 216)","(261, 384)","(371, 339)","(0, 0)","(0, 0)","(0, 0)","(0, 0)",3
313,"(208, 190)","(418, 108)","(506, 217)","(262, 384)","(371, 339)","(0, 0)","(0, 0)","(0, 0)","(0, 0)",3
314,"(208, 190)","(417, 108)","(505, 216)","(262, 384)","(371, 339)","(0, 0)","(0, 0)","(0, 0)","(0, 0)",3
315,"(208, 191)","(417, 109)","(505, 216)","(261, 385)","(372, 340)","(0, 0)","(0, 0)","(0, 0)","(0, 0)",3
316,"(209, 191)","(417, 108)","(506, 217)","(262, 385)","(371, 339)","(0, 0)","(0, 0)","(0, 0)","(0, 0)",3
317,"(209, 191)","(417, 108)","(506, 217)","(263, 385)","(371, 339)","(0, 0)","(0, 0)","(0, 0)","(0, 0)",3
318,"(208, 192)","(417, 107)","(505, 216)","(262, 386)","(372, 341)","(0, 0)","(0, 0)","(0, 0)","(0, 0)",3
319,"(208, 192)","(417, 107)","(506, 217)","(262, 386)","(372, 341)","(0, 0)","(0, 0)","(0, 0)","(0, 0)",3
320,"(208, 192)","(417, 107)","(506, 217)","(262, 386)","(371, 339)","(0, 0)","(0, 0)","(0, 0)","(0, 0)",3
321,"(208, 192)","(416, 108)","(503, 213)","(262, 386)","(371, 339)","(0, 0)","(0, 0)","(0, 0)","(0, 0)",3
322,"(207, 193)","(417, 107)","(505, 215)","(261, 387)","(371, 339)","(0, 0)","(0, 0)","(0, 0)","(0, 0)",3
323,"(209, 193)","(416, 107)","(503, 212)","(262, 387)","(372, 341)","(0, 0)","(0, 0)","(0, 0)","(0, 0)",3
324,"(209, 194)","(417, 108)","(503, 212)","(262, 388)","(371, 340)","(0, 0)","(0, 0)","(0, 0)","(0, 0)",3
325,"(207, 196)","(414, 107)","(503, 212)","(263, 389)","(371, 340)","(0, 0)","(0, 0)","(0, 0)","(0, 0)",3
326,"(207, 197)","(415, 108)","(506, 216)","(261, 391)","(372, 342)","(0, 0)","(0, 0)","(0, 0)","(0, 0)",3
327,"(208, 198)","(415, 108)","(505, 215)","(261, 392)","(371, 341)","(0, 0)","(0, 0)","(0, 0)","(0, 0)",3
328,"(208, 199)","(415, 109)","(504, 213)","(263, 392)","(371, 341)","(0, 0)","(0, 0)","(0, 0)","(0, 0)",3
329,"(207, 200)","(414, 108)","(505, 214)","(262, 393)","(371, 342)","(0, 0)","(0, 0)","(0, 0)","(0, 0)",3
330,"(206, 201)","(414, 109)","(504, 213)","(263, 393)","(371, 342)","(0, 0)","(0, 0)","(0, 0)","(0, 0)",3
331,"(205, 202)","(414, 109)","(504, 213)","(262, 394)","(371, 342)","(0, 0)","(0, 0)","(0, 0)","(0, 0)",3
332,"(206, 202)","(412, 107)","(502, 210)","(262, 395)","(370, 342)","(0, 0)","(0, 0)","(0, 0)","(0, 0)",3
333,"(206, 203)","(413, 108)","(501, 209)","(261, 396)","(371, 344)","(0, 0)","(0, 0)","(0, 0)","(0, 0)",3
334,"(206, 204)","(413, 109)","(503, 212)","(261, 397)","(370, 343)","(0, 0)","(0, 0)","(0, 0)","(0, 0)",3
335,"(206, 205)","(412, 110)","(502, 211)","(260, 398)","(370, 344)","(0, 0)","(0, 0)","(0, 0)","(0, 0)",3
336,"(206, 205)","(413, 109)","(502, 211)","(261, 398)","(370, 344)","(0, 0)","(0, 0)","(0, 0)","(0, 0)",3
337,"(204, 206)","(411, 110)","(502, 211)","(261, 398)","(370, 344)","(0, 0)","(0, 0)","(0, 0)","(0, 0)",3
338,"(205, 206)","(412, 110)","(502, 211)","(261, 398)","(370, 344)","(0, 0)","(0, 0)","(0, 0)","(0, 0)",3
339,"(204, 207)","(411, 109)","(502, 211)","(262, 398)","(370, 344)","(0, 0)","(0, 0)","(0, 0)","(0, 0)",3
340,"(203, 208)","(411, 109)","(502, 211)","(262, 399)","(370, 344)","(0, 0)","(0, 0)","(0, 0)","(0, 0)",3
341,"(204, 208)","(410, 110)","(502, 211)","(261, 400)","(370, 345)","(0, 0)","(0, 0)","(0, 0)","(0, 0)",3
342,"(204, 209)","(410, 110)","(502, 211)","(262, 400)","(370, 345)","(0, 0)","(0, 0)","(0, 0)","(0, 0)",3
343,"(203, 210)","(409, 110)","(502, 211)","(263, 400)","(370, 345)","(0, 0)","(0, 0)","(0, 0)","(0, 0)",3
344,"(202, 211)","(408, 110)","(500, 208)","(262, 401)","(370, 345)","(0, 0)","(0, 0)","(0, 0)","(0, 0)",3
345,"(203, 211)","(410, 110)","(500, 208)","(263, 401)","(369, 344)","(0, 0)","(0, 0)","(0, 0)","(0, 0)",3
346,"(203, 211)","(410, 110)","(501, 209)","(262, 402)","(370, 345)","(0, 0)","(0, 0)","(0, 0)","(0, 0)",3
347,"(203, 212)","(409, 110)","(501, 209)","(263, 402)","(369, 344)","(0, 0)","(0, 0)","(0, 0)","(0, 0)",3
348,"(203, 213)","(407, 110)","(499, 206)","(263, 403)","(371, 347)","(0, 0)","(0, 0)","(0, 0)","(0, 0)",3
349,"(201, 215)","(408, 110)","(499, 206)","(263, 404)","(370, 346)","(0, 0)","(0, 0)","(0, 0)","(0, 0)",3
350,"(202, 217)","(407, 111)","(499, 205)","(263, 406)","(371, 348)","(0, 0)","(0, 0)","(0, 0)","(0, 0)",3
351,"(201, 219)","(407, 109)","(499, 205)","(264, 407)","(370, 347)","(0, 0)","(0, 0)","(0, 0)","(0, 0)",3
352,"(202, 220)","(406, 110)","(498, 204)","(263, 409)","(371, 349)","(0, 0)","(0, 0)","(0, 0)","(0, 0)",3
353,"(201, 222)","(405, 111)","(498, 204)","(264, 410)","(369, 347)","(0, 0)","(0, 0)","(0, 0)","(0, 0)",3
354,"(201, 224)","(405, 110)","(498, 204)","(264, 412)","(371, 351)","(0, 0)","(0, 0)","(0, 0)","(0, 0)",3
355,"(200, 227)","(404, 111)","(496, 202)","(263, 414)","(369, 350)","(0, 0)","(0, 0)","(0, 0)","(0, 0)",3
356,"(198, 230)","(401, 111)","(495, 201)","(263, 416)","(369, 351)","(0, 0)","(0, 0)","(0, 0)","(0, 0)",3
357,"(199, 231)","(400, 111)","(495, 201)","(262, 418)","(369, 352)","(0, 0)","(0, 0)","(0, 0)","(0, 0)",3
358,"(198, 234)","(398, 110)","(492, 197)","(262, 420)","(370, 354)","(0, 0)","(0, 0)","(0, 0)","(0, 0)",3
359,"(196, 237)","(398, 110)","(492, 197)","(263, 421)","(371, 355)","(0, 0)","(0, 0)","(0, 0)","(0, 0)",3
360,"(198, 237)","(397, 110)","(488, 193)","(263, 422)","(371, 355)","(0, 0)","(0, 0)","(0, 0)","(0, 0)",3
361,"(198, 238)","(394, 110)","(488, 192)","(263, 423)","(370, 355)","(0, 0)","(0, 0)","(0, 0)","(0, 0)",3
362,"(195, 241)","(395, 110)","(487, 191)","(263, 424)","(370, 355)","(0, 0)","(0, 0)","(0, 0)","(0, 0)",3
363,"(195, 242)","(395, 110)","(487, 190)","(264, 424)","(369, 354)","(0, 0)","(0, 0)","(0, 0)","(0, 0)",3
364,"(197, 241)","(395, 108)","(485, 187)","(264, 425)","(370, 354)","(0, 0)","(0, 0)","(0, 0)","(0, 0)",3
365,"(195, 245)","(394, 109)","(485, 185)","(264, 427)","(370, 354)","(0, 0)","(0, 0)","(0, 0)","(0, 0)",3
366,"(197, 245)","(394, 109)","(486, 185)","(264, 428)","(371, 354)","(0, 0)","(0, 0)","(0, 0)","(0, 0)",3
367,"(196, 247)","(394, 109)","(487, 185)","(266, 428)","(372, 355)","(0, 0)","(0, 0)","(0, 0)","(0, 0)",3
368,"(195, 249)","(395, 109)","(486, 184)","(265, 430)","(372, 355)","(0, 0)","(0, 0)","(0, 0)","(0, 0)",3
369,"(196, 250)","(393, 109)","(485, 182)","(266, 431)","(371, 355)","(0, 0)","(0, 0)","(0, 0)","(0, 0)",3
370,"(196, 252)","(393, 109)","(485, 182)","(267, 432)","(372, 355)","(0, 0)","(0, 0)","(0, 0)","(0, 0)",3
371,"(196, 254)","(392, 109)","(484, 181)","(266, 434)","(372, 356)","(0, 0)","(0, 0)","(0, 0)","(0, 0)",3
372,"(196, 256)","(390, 109)","(485, 180)","(267, 435)","(372, 356)","(0, 0)","(0, 0)","(0, 0)","(0, 0)",3
373,"(196, 258)","(391, 109)","(485, 180)","(267, 437)","(373, 357)","(0, 0)","(0, 0)","(0, 0)","(0, 0)",3
374,"(194, 262)","(389, 109)","(483, 178)","(268, 439)","(372, 357)","(0, 0)","(0, 0)","(0, 0)","(0, 0)",3
375,"(196, 262)","(388, 109)","(482, 177)","(267, 441)","(372, 358)","(0, 0)","(0, 0)","(0, 0)","(0, 0)",3
376,"(193, 266)","(388, 109)","(481, 176)","(267, 442)","(372, 359)","(0, 0)","(0, 0)","(0, 0)","(0, 0)",3
377,"(195, 266)","(386, 111)","(478, 173)","(268, 443)","(370, 358)","(0, 0)","(0, 0)","(0, 0)","(0, 0)",3
378,"(195, 268)","(386, 110)","(479, 173)","(266, 446)","(369, 358)","(0, 0)","(0, 0)","(0, 0)","(0, 0)",3
379,"(195, 270)","(385, 109)","(478, 172)","(267, 447)","(370, 359)","(0, 0)","(0, 0)","(0, 0)","(0, 0)",3
380,"(196, 272)","(383, 110)","(477, 171)","(268, 449)","(370, 360)","(0, 0)","(0, 0)","(0, 0)","(0, 0)",3
381,"(195, 274)","(384, 111)","(477, 171)","(268, 450)","(371, 361)","(0, 0)","(0, 0)","(0, 0)","(0, 0)",3
382,"(194, 276)","(383, 110)","(476, 170)","(269, 450)","(370, 360)","(0, 0)","(0, 0)","(0, 0)","(0, 0)",3
383,"(194, 277)","(383, 110)","(478, 171)","(269, 451)","(372, 361)","(0, 0)","(0, 0)","(0, 0)","(0, 0)",3
384,"(193, 279)","(384, 111)","(479, 171)","(269, 452)","(371, 360)","(0, 0)","(0, 0)","(0, 0)","(0, 0)",3
385,"(196, 279)","(384, 110)","(475, 167)","(271, 452)","(373, 361)","(0, 0)","(0, 0)","(0, 0)","(0, 0)",3
386,"(195, 282)","(384, 110)","(476, 167)","(273, 453)","(374, 361)","(0, 0)","(0, 0)","(0, 0)","(0, 0)",3
387,"(195, 285)","(382, 110)","(475, 165)","(272, 456)","(373, 360)","(0, 0)","(0, 0)","(0, 0)","(0, 0)",3
388,"(196, 288)","(382, 110)","(475, 163)","(276, 456)","(375, 360)","(0, 0)","(0, 0)","(0, 0)","(0, 0)",3
389,"(193, 295)","(379, 112)","(476, 162)","(279, 456)","(376, 360)","(0, 0)","(0, 0)","(0, 0)","(0, 0)",3
390,"(193, 298)","(380, 112)","(477, 161)","(280, 458)","(378, 361)","(0, 0)","(0, 0)","(0, 0)","(0, 0)",3
391,"(194, 299)","(379, 112)","(477, 160)","(281, 459)","(378, 361)","(0, 0)","(0, 0)","(0, 0)","(0, 0)",3
392,"(194, 301)","(380, 111)","(478, 160)","(282, 459)","(379, 361)","(0, 0)","(0, 0)","(0, 0)","(0, 0)",3
393,"(193, 303)","(380, 112)","(478, 159)","(282, 460)","(379, 361)","(446, 597)","(0, 0)","(0, 0)","(0, 0)",3
394,"(195, 301)","(380, 112)","(475, 157)","(282, 460)","(379, 361)","(0, 0)","(0, 0)","(0, 0)","(0, 0)",3
395,"(194, 305)","(377, 110)","(474, 154)","(283, 461)","(378, 360)","(0, 0)","(0, 0)","(0, 0)","(0, 0)",3
396,"(193, 309)","(376, 108)","(472, 152)","(284, 463)","(377, 360)","(448, 594)","(0, 0)","(0, 0)","(0, 0)",3
397,"(192, 314)","(373, 109)","(469, 149)","(284, 466)","(378, 361)","(0, 0)","(0, 0)","(0, 0)","(0, 0)",3
398,"(192, 318)","(370, 110)","(466, 146)","(285, 469)","(377, 361)","(0, 0)","(0, 0)","(0, 0)","(0, 0)",3
399,"(193, 321)","(369, 110)","(466, 145)","(285, 473)","(377, 362)","(0, 0)","(0, 0)","(0, 0)","(0, 0)",3
400,"(193, 325)","(368, 110)","(465, 144)","(286, 475)","(377, 363)","(0, 0)","(0, 0)","(0, 0)","(0, 0)",3
401,"(192, 330)","(365, 112)","(463, 143)","(286, 478)","(376, 364)","(450, 596)","(0, 0)","(0, 0)","(0, 0)",3
402,"(192, 332)","(365, 111)","(463, 143)","(287, 479)","(376, 365)","(0, 0)","(0, 0)","(0, 0)","(0, 0)",3
403,"(192, 333)","(364, 114)","(462, 143)","(286, 481)","(377, 366)","(449, 598)","(0, 0)","(0, 0)","(0, 0)",3
404,"(193, 332)","(364, 114)","(460, 142)","(286, 481)","(377, 366)","(450, 598)","(0, 0)","(0, 0)","(0, 0)",3
405,"(193, 332)","(363, 114)","(461, 142)","(286, 481)","(375, 365)","(0, 0)","(0, 0)","(0, 0)","(0, 0)",3
406,"(193, 333)","(364, 113)","(460, 141)","(287, 480)","(376, 365)","(451, 596)","(0, 0)","(0, 0)","(0, 0)",3
407,"(193, 334)","(364, 113)","(460, 140)","(287, 481)","(377, 365)","(450, 597)","(0, 0)","(0, 0)","(0, 0)",3
408,"(193, 336)","(364, 113)","(458, 138)","(287, 483)","(377, 364)","(452, 595)","(0, 0)","(0, 0)","(0, 0)",3
409,"(194, 337)","(362, 113)","(458, 137)","(289, 482)","(376, 363)","(0, 0)","(0, 0)","(0, 0)","(0, 0)",3
410,"(194, 343)","(363, 112)","(455, 133)","(291, 485)","(379, 363)","(0, 0)","(0, 0)","(0, 0)","(0, 0)",3
411,"(194, 346)","(363, 112)","(456, 132)","(293, 485)","(378, 362)","(0, 0)","(0, 0)","(0, 0)","(0, 0)",3
412,"(195, 347)","(364, 111)","(456, 131)","(294, 485)","(379, 362)","(0, 0)","(0, 0)","(0, 0)","(0, 0)",3
413,"(197, 346)","(361, 111)","(457, 130)","(293, 488)","(381, 362)","(0, 0)","(0, 0)","(0, 0)","(0, 0)",3
414,"(196, 348)","(361, 110)","(456, 129)","(294, 487)","(379, 361)","(0, 0)","(0, 0)","(0, 0)","(0, 0)",3
415,"(196, 348)","(360, 110)","(455, 128)","(294, 486)","(380, 361)","(0, 0)","(0, 0)","(0, 0)","(0, 0)",3
416,"(195, 349)","(360, 111)","(455, 127)","(294, 486)","(378, 360)","(0, 0)","(0, 0)","(0, 0)","(0, 0)",3
417,"(194, 351)","(357, 110)","(454, 126)","(294, 486)","(379, 360)","(469, 510)","(0, 0)","(0, 0)","(0, 0)",3
418,"(195, 349)","(355, 110)","(452, 124)","(293, 487)","(378, 359)","(0, 0)","(0, 0)","(0, 0)","(0, 0)",3
419,"(195, 349)","(356, 109)","(451, 123)","(293, 487)","(376, 358)","(0, 0)","(0, 0)","(0, 0)","(0, 0)",3
420,"(195, 349)","(355, 110)","(450, 122)","(293, 487)","(377, 358)","(0, 0)","(0, 0)","(0, 0)","(0, 0)",3
421,"(195, 349)","(356, 109)","(448, 121)","(293, 487)","(377, 358)","(0, 0)","(0, 0)","(0, 0)","(0, 0)",3
422,"(195, 349)","(353, 108)","(447, 120)","(292, 488)","(376, 357)","(0, 0)","(0, 0)","(0, 0)","(0, 0)",3
423,"(195, 349)","(352, 109)","(447, 119)","(292, 487)","(376, 357)","(0, 0)","(0, 0)","(0, 0)","(0, 0)",3
424,"(194, 351)","(352, 109)","(446, 118)","(292, 488)","(375, 356)","(0, 0)","(0, 0)","(0, 0)","(0, 0)",3
425,"(195, 350)","(350, 109)","(446, 117)","(292, 488)","(376, 356)","(0, 0)","(0, 0)","(0, 0)","(0, 0)",3
426,"(195, 351)","(351, 107)","(445, 116)","(292, 489)","(376, 356)","(0, 0)","(0, 0)","(0, 0)","(0, 0)",3
427,"(193, 355)","(348, 108)","(444, 115)","(292, 489)","(373, 355)","(0, 0)","(0, 0)","(0, 0)","(0, 0)",3
428,"(192, 357)","(346, 107)","(440, 113)","(291, 491)","(371, 355)","(0, 0)","(0, 0)","(0, 0)","(0, 0)",3
429,"(192, 358)","(342, 107)","(437, 112)","(289, 494)","(371, 356)","(0, 0)","(0, 0)","(0, 0)","(0, 0)",3
430,"(189, 363)","(338, 108)","(432, 110)","(287, 497)","(367, 355)","(0, 0)","(0, 0)","(0, 0)","(0, 0)",3
431,"(189, 363)","(336, 108)","(430, 109)","(288, 495)","(366, 355)","(0, 0)","(0, 0)","(0, 0)","(0, 0)",3
432,"(191, 360)","(336, 108)","(431, 109)","(287, 497)","(367, 355)","(0, 0)","(0, 0)","(0, 0)","(0, 0)",3
433,"(190, 362)","(337, 107)","(432, 109)","(289, 494)","(368, 355)","(0, 0)","(0, 0)","(0, 0)","(0, 0)",3
434,"(190, 363)","(335, 108)","(426, 107)","(288, 496)","(368, 355)","(0, 0)","(0, 0)","(0, 0)","(0, 0)",3
435,"(190, 363)","(335, 107)","(429, 107)","(288, 496)","(366, 354)","(0, 0)","(0, 0)","(0, 0)","(0, 0)",3
436,"(188, 366)","(332, 106)","(428, 106)","(288, 496)","(364, 353)","(0, 0)","(0, 0)","(0, 0)","(0, 0)",3
437,"(189, 365)","(331, 106)","(425, 104)","(287, 497)","(365, 353)","(0, 0)","(0, 0)","(0, 0)","(0, 0)",3
438,"(189, 365)","(327, 106)","(421, 102)","(286, 499)","(366, 352)","(0, 0)","(0, 0)","(0, 0)","(0, 0)",3
439,"(188, 367)","(326, 106)","(416, 102)","(286, 499)","(365, 352)","(0, 0)","(0, 0)","(0, 0)","(0, 0)",3
440,"(187, 369)","(324, 105)","(413, 99)","(287, 497)","(363, 351)","(0, 0)","(0, 0)","(0, 0)","(0, 0)",3
441,"(187, 369)","(323, 105)","(412, 98)","(287, 497)","(362, 350)","(0, 0)","(0, 0)","(0, 0)","(0, 0)",3
442,"(185, 374)","(321, 107)","(411, 97)","(287, 496)","(362, 349)","(0, 0)","(0, 0)","(0, 0)","(0, 0)",3
443,"(185, 374)","(319, 107)","(410, 95)","(287, 497)","(361, 348)","(0, 0)","(0, 0)","(0, 0)","(0, 0)",3
444,"(184, 377)","(317, 107)","(408, 94)","(287, 497)","(360, 348)","(0, 0)","(0, 0)","(0, 0)","(0, 0)",3
445,"(186, 374)","(318, 105)","(407, 93)","(287, 499)","(360, 348)","(0, 0)","(0, 0)","(0, 0)","(0, 0)",3
446,"(184, 381)","(315, 108)","(407, 92)","(287, 501)","(360, 348)","(0, 0)","(0, 0)","(0, 0)","(0, 0)",3
447,"(184, 383)","(313, 111)","(404, 92)","(287, 504)","(359, 349)","(0, 0)","(0, 0)","(0, 0)","(0, 0)",3
448,"(185, 384)","(311, 112)","(403, 92)","(288, 504)","(359, 350)","(0, 0)","(0, 0)","(0, 0)","(0, 0)",3
449,"(185, 387)","(312, 112)","(402, 92)","(289, 504)","(359, 350)","(0, 0)","(0, 0)","(0, 0)","(0, 0)",3
450,"(186, 386)","(311, 114)","(401, 92)","(289, 506)","(360, 349)","(0, 0)","(0, 0)","(0, 0)","(0, 0)",3
451,"(186, 388)","(311, 112)","(401, 91)","(290, 505)","(360, 349)","(0, 0)","(0, 0)","(0, 0)","(0, 0)",3
452,"(186, 389)","(311, 112)","(400, 91)","(290, 506)","(359, 349)","(0, 0)","(0, 0)","(0, 0)","(0, 0)",3
453,"(186, 391)","(310, 113)","(400, 90)","(290, 507)","(360, 348)","(0, 0)","(0, 0)","(0, 0)","(0, 0)",3
454,"(185, 395)","(309, 112)","(400, 89)","(291, 506)","(359, 348)","(0, 0)","(0, 0)","(0, 0)","(0, 0)",3
455,"(186, 396)","(310, 112)","(401, 87)","(293, 505)","(360, 347)","(0, 0)","(0, 0)","(0, 0)","(0, 0)",3
456,"(186, 398)","(310, 112)","(397, 87)","(293, 507)","(359, 347)","(0, 0)","(0, 0)","(0, 0)","(0, 0)",3
457,"(186, 400)","(307, 112)","(397, 86)","(293, 508)","(359, 347)","(0, 0)","(0, 0)","(0, 0)","(0, 0)",3
458,"(187, 399)","(307, 113)","(397, 85)","(294, 507)","(360, 346)","(469, 525)","(0, 0)","(0, 0)","(0, 0)",3
459,"(187, 400)","(306, 113)","(397, 84)","(294, 508)","(360, 345)","(0, 0)","(0, 0)","(0, 0)","(0, 0)",3
460,"(186, 403)","(306, 112)","(396, 83)","(295, 506)","(360, 344)","(0, 0)","(0, 0)","(0, 0)","(0, 0)",3
461,"(187, 401)","(305, 111)","(394, 82)","(295, 506)","(359, 344)","(0, 0)","(0, 0)","(0, 0)","(0, 0)",3
462,"(186, 404)","(304, 111)","(393, 81)","(295, 506)","(359, 343)","(0, 0)","(0, 0)","(0, 0)","(0, 0)",3
463,"(186, 404)","(304, 110)","(392, 80)","(295, 506)","(359, 342)","(0, 0)","(0, 0)","(0, 0)","(0, 0)",3
464,"(186, 404)","(302, 113)","(393, 79)","(295, 506)","(358, 342)","(0, 0)","(0, 0)","(0, 0)","(0, 0)",3
465,"(186, 405)","(301, 112)","(389, 79)","(294, 509)","(357, 342)","(0, 0)","(0, 0)","(0, 0)","(0, 0)",3
466,"(186, 406)","(302, 110)","(390, 78)","(295, 508)","(356, 342)","(0, 0)","(0, 0)","(0, 0)","(0, 0)",3
467,"(186, 407)","(299, 112)","(388, 78)","(295, 508)","(357, 342)","(0, 0)","(0, 0)","(0, 0)","(0, 0)",3
468,"(186, 409)","(298, 113)","(384, 79)","(295, 509)","(356, 342)","(0, 0)","(0, 0)","(0, 0)","(0, 0)",3
469,"(186, 410)","(297, 113)","(384, 78)","(295, 510)","(356, 342)","(0, 0)","(0, 0)","(0, 0)","(0, 0)",3
470,"(186, 411)","(296, 113)","(383, 77)","(295, 511)","(355, 342)","(0, 0)","(0, 0)","(0, 0)","(0, 0)",3
471,"(186, 411)","(295, 113)","(382, 77)","(295, 510)","(353, 342)","(0, 0)","(0, 0)","(0, 0)","(0, 0)",3
472,"(186, 411)","(294, 113)","(382, 76)","(295, 510)","(354, 341)","(0, 0)","(0, 0)","(0, 0)","(0, 0)",3
473,"(185, 413)","(293, 113)","(381, 75)","(295, 509)","(353, 340)","(0, 0)","(0, 0)","(0, 0)","(0, 0)",3
474,"(185, 412)","(292, 113)","(379, 74)","(294, 510)","(353, 339)","(0, 0)","(0, 0)","(0, 0)","(0, 0)",3
475,"(185, 412)","(291, 113)","(378, 73)","(294, 509)","(352, 338)","(0, 0)","(0, 0)","(0, 0)","(0, 0)",3
476,"(185, 412)","(290, 112)","(376, 72)","(294, 509)","(352, 337)","(0, 0)","(0, 0)","(0, 0)","(0, 0)",3
477,"(185, 412)","(289, 111)","(375, 71)","(294, 509)","(349, 337)","(0, 0)","(0, 0)","(0, 0)","(0, 0)",3
478,"(184, 415)","(287, 112)","(374, 70)","(294, 508)","(350, 336)","(0, 0)","(0, 0)","(0, 0)","(0, 0)",3
479,"(183, 419)","(286, 112)","(373, 69)","(294, 507)","(349, 335)","(0, 0)","(0, 0)","(0, 0)","(0, 0)",3
480,"(184, 415)","(284, 113)","(371, 68)","(294, 507)","(349, 334)","(0, 0)","(0, 0)","(0, 0)","(0, 0)",3
481,"(183, 419)","(284, 112)","(371, 67)","(294, 507)","(349, 333)","(0, 0)","(0, 0)","(0, 0)","(0, 0)",3
482,"(183, 419)","(282, 113)","(369, 66)","(293, 509)","(348, 332)","(0, 0)","(0, 0)","(0, 0)","(0, 0)",3
483,"(183, 418)","(279, 114)","(365, 66)","(293, 508)","(347, 331)","(0, 0)","(0, 0)","(0, 0)","(0, 0)",3
484,"(183, 418)","(279, 111)","(365, 64)","(293, 507)","(346, 330)","(0, 0)","(0, 0)","(0, 0)","(0, 0)",3
485,"(182, 420)","(276, 113)","(361, 63)","(292, 508)","(345, 329)","(0, 0)","(0, 0)","(0, 0)","(0, 0)",3
486,"(182, 419)","(274, 112)","(360, 62)","(292, 508)","(344, 328)","(0, 0)","(0, 0)","(0, 0)","(0, 0)",3
487,"(182, 419)","(274, 113)","(358, 62)","(292, 508)","(343, 328)","(0, 0)","(0, 0)","(0, 0)","(0, 0)",3
488,"(182, 419)","(272, 114)","(358, 61)","(292, 508)","(343, 328)","(0, 0)","(0, 0)","(0, 0)","(0, 0)",3
489,"(180, 425)","(272, 114)","(356, 61)","(291, 510)","(341, 329)","(0, 0)","(0, 0)","(0, 0)","(0, 0)",3
490,"(180, 424)","(269, 115)","(354, 61)","(290, 512)","(340, 329)","(0, 0)","(0, 0)","(0, 0)","(0, 0)",3
491,"(179, 426)","(267, 116)","(352, 61)","(289, 513)","(338, 330)","(0, 0)","(0, 0)","(0, 0)","(0, 0)",3
492,"(178, 429)","(264, 120)","(349, 62)","(288, 515)","(337, 330)","(0, 0)","(0, 0)","(0, 0)","(0, 0)",3
493,"(177, 433)","(262, 121)","(346, 62)","(288, 515)","(335, 331)","(0, 0)","(0, 0)","(0, 0)","(0, 0)",3
494,"(177, 433)","(262, 120)","(344, 62)","(288, 514)","(334, 331)","(0, 0)","(0, 0)","(0, 0)","(0, 0)",3
495,"(177, 434)","(260, 121)","(342, 62)","(288, 514)","(333, 331)","(0, 0)","(0, 0)","(0, 0)","(0, 0)",3
496,"(177, 435)","(258, 121)","(337, 64)","(287, 517)","(332, 331)","(474, 548)","(0, 0)","(0, 0)","(0, 0)",3
497,"(176, 439)","(256, 124)","(338, 62)","(287, 518)","(331, 331)","(0, 0)","(0, 0)","(0, 0)","(0, 0)",3
498,"(175, 445)","(254, 127)","(336, 62)","(287, 519)","(330, 331)","(0, 0)","(0, 0)","(0, 0)","(0, 0)",3
499,"(175, 446)","(252, 128)","(333, 63)","(287, 519)","(329, 332)","(0, 0)","(0, 0)","(0, 0)","(0, 0)",3
500,"(174, 453)","(250, 128)","(329, 64)","(286, 523)","(326, 333)","(0, 0)","(0, 0)","(0, 0)","(0, 0)",3
501,"(174, 453)","(248, 128)","(330, 62)","(286, 523)","(326, 333)","(0, 0)","(0, 0)","(0, 0)","(0, 0)",3
502,"(174, 453)","(246, 131)","(326, 64)","(286, 523)","(325, 333)","(0, 0)","(0, 0)","(0, 0)","(0, 0)",3
503,"(173, 458)","(247, 129)","(327, 62)","(286, 523)","(325, 332)","(462, 444)","(0, 0)","(0, 0)","(0, 0)",3
504,"(173, 458)","(245, 131)","(324, 63)","(286, 520)","(324, 332)","(0, 0)","(0, 0)","(0, 0)","(0, 0)",3
505,"(173, 458)","(243, 132)","(325, 61)","(285, 524)","(323, 332)","(0, 0)","(0, 0)","(0, 0)","(0, 0)",3
506,"(172, 463)","(242, 133)","(324, 61)","(285, 525)","(323, 332)","(0, 0)","(0, 0)","(0, 0)","(0, 0)",3
507,"(172, 464)","(239, 136)","(321, 62)","(285, 527)","(320, 334)","(0, 0)","(0, 0)","(0, 0)","(0, 0)",3
508,"(172, 465)","(237, 139)","(320, 62)","(285, 526)","(320, 334)","(0, 0)","(0, 0)","(0, 0)","(0, 0)",3
509,"(171, 471)","(236, 139)","(315, 65)","(285, 528)","(319, 335)","(0, 0)","(0, 0)","(0, 0)","(0, 0)",3
510,"(171, 474)","(235, 139)","(314, 65)","(285, 530)","(318, 336)","(0, 0)","(0, 0)","(0, 0)","(0, 0)",3
511,"(172, 470)","(234, 143)","(313, 65)","(285, 530)","(318, 336)","(0, 0)","(0, 0)","(0, 0)","(0, 0)",3
512,"(172, 472)","(234, 141)","(314, 64)","(285, 531)","(318, 336)","(0, 0)","(0, 0)","(0, 0)","(0, 0)",3
513,"(171, 479)","(232, 144)","(310, 66)","(285, 532)","(315, 338)","(0, 0)","(0, 0)","(0, 0)","(0, 0)",3
514,"(171, 480)","(230, 144)","(310, 65)","(285, 532)","(316, 337)","(0, 0)","(0, 0)","(0, 0)","(0, 0)",3
515,"(171, 481)","(227, 148)","(304, 67)","(285, 532)","(315, 336)","(0, 0)","(0, 0)","(0, 0)","(0, 0)",3
516,"(171, 480)","(224, 149)","(305, 65)","(285, 533)","(315, 335)","(0, 0)","(0, 0)","(0, 0)","(0, 0)",3
517,"(171, 480)","(223, 151)","(298, 70)","(285, 532)","(314, 334)","(0, 0)","(0, 0)","(0, 0)","(0, 0)",3
518,"(170, 485)","(222, 151)","(298, 68)","(285, 531)","(314, 333)","(0, 0)","(0, 0)","(0, 0)","(0, 0)",3
519,"(170, 486)","(221, 152)","(296, 69)","(284, 532)","(313, 333)","(0, 0)","(0, 0)","(0, 0)","(0, 0)",3
520,"(170, 486)","(220, 152)","(296, 67)","(284, 532)","(312, 333)","(0, 0)","(0, 0)","(0, 0)","(0, 0)",3
521,"(170, 485)","(221, 149)","(294, 68)","(284, 532)","(312, 333)","(0, 0)","(0, 0)","(0, 0)","(0, 0)",3
522,"(170, 485)","(219, 151)","(295, 66)","(284, 532)","(311, 333)","(0, 0)","(0, 0)","(0, 0)","(0, 0)",3
523,"(170, 487)","(218, 152)","(291, 70)","(284, 533)","(311, 333)","(0, 0)","(0, 0)","(0, 0)","(0, 0)",3
524,"(170, 487)","(217, 155)","(290, 70)","(284, 533)","(310, 334)","(0, 0)","(0, 0)","(0, 0)","(0, 0)",3
525,"(170, 488)","(216, 154)","(289, 71)","(284, 534)","(310, 334)","(0, 0)","(0, 0)","(0, 0)","(0, 0)",3
526,"(170, 489)","(216, 156)","(289, 70)","(284, 533)","(310, 333)","(0, 0)","(0, 0)","(0, 0)","(0, 0)",3
527,"(170, 489)","(214, 155)","(287, 70)","(284, 533)","(308, 334)","(0, 0)","(0, 0)","(0, 0)","(0, 0)",3
528,"(170, 489)","(213, 156)","(286, 69)","(284, 532)","(308, 332)","(0, 0)","(0, 0)","(0, 0)","(0, 0)",3
529,"(170, 489)","(212, 155)","(284, 69)","(284, 532)","(307, 331)","(0, 0)","(0, 0)","(0, 0)","(0, 0)",3
530,"(169, 495)","(209, 157)","(282, 66)","(283, 532)","(305, 330)","(0, 0)","(0, 0)","(0, 0)","(0, 0)",3
531,"(169, 493)","(208, 156)","(279, 68)","(283, 531)","(304, 330)","(0, 0)","(0, 0)","(0, 0)","(0, 0)",3
532,"(169, 493)","(207, 156)","(278, 67)","(283, 530)","(304, 328)","(0, 0)","(0, 0)","(0, 0)","(0, 0)",3
533,"(169, 493)","(206, 157)","(277, 66)","(283, 530)","(304, 327)","(0, 0)","(0, 0)","(0, 0)","(0, 0)",3
534,"(169, 494)","(205, 159)","(276, 66)","(283, 530)","(303, 327)","(0, 0)","(0, 0)","(0, 0)","(0, 0)",3
535,"(169, 494)","(205, 156)","(278, 62)","(284, 529)","(303, 327)","(0, 0)","(0, 0)","(0, 0)","(0, 0)",3
536,"(169, 496)","(204, 159)","(277, 62)","(284, 529)","(303, 326)","(0, 0)","(0, 0)","(0, 0)","(0, 0)",3
537,"(169, 497)","(203, 159)","(272, 67)","(284, 529)","(302, 327)","(0, 0)","(0, 0)","(0, 0)","(0, 0)",3
538,"(169, 497)","(202, 161)","(274, 63)","(284, 528)","(301, 327)","(0, 0)","(0, 0)","(0, 0)","(0, 0)",3
539,"(169, 496)","(202, 157)","(272, 64)","(284, 528)","(301, 326)","(0, 0)","(0, 0)","(0, 0)","(0, 0)",3
540,"(169, 496)","(201, 157)","(271, 63)","(284, 527)","(300, 325)","(0, 0)","(0, 0)","(0, 0)","(0, 0)",3
541,"(169, 496)","(200, 157)","(268, 65)","(284, 527)","(300, 324)","(0, 0)","(0, 0)","(0, 0)","(0, 0)",3
542,"(169, 496)","(198, 160)","(268, 63)","(284, 526)","(300, 322)","(0, 0)","(0, 0)","(0, 0)","(0, 0)",3
543,"(169, 498)","(198, 159)","(267, 63)","(284, 526)","(299, 323)","(0, 0)","(0, 0)","(0, 0)","(0, 0)",3
544,"(169, 502)","(197, 162)","(266, 63)","(284, 527)","(299, 322)","(0, 0)","(0, 0)","(0, 0)","(0, 0)",3
545,"(170, 504)","(195, 165)","(264, 63)","(285, 529)","(298, 324)","(0, 0)","(0, 0)","(0, 0)","(0, 0)",3
546,"(170, 510)","(194, 166)","(261, 66)","(286, 529)","(297, 325)","(0, 0)","(0, 0)","(0, 0)","(0, 0)",3
547,"(170, 513)","(192, 168)","(259, 68)","(286, 530)","(297, 325)","(0, 0)","(0, 0)","(0, 0)","(0, 0)",3
548,"(170, 511)","(193, 166)","(260, 66)","(286, 528)","(297, 324)","(0, 0)","(0, 0)","(0, 0)","(0, 0)",3
549,"(170, 508)","(192, 166)","(259, 65)","(285, 528)","(296, 323)","(0, 0)","(0, 0)","(0, 0)","(0, 0)",3
550,"(169, 509)","(191, 164)","(258, 64)","(284, 527)","(295, 322)","(0, 0)","(0, 0)","(0, 0)","(0, 0)",3
551,"(169, 507)","(190, 165)","(256, 65)","(284, 526)","(294, 322)","(0, 0)","(0, 0)","(0, 0)","(0, 0)",3
552,"(169, 508)","(190, 165)","(255, 66)","(284, 527)","(294, 322)","(0, 0)","(0, 0)","(0, 0)","(0, 0)",3
553,"(169, 509)","(190, 165)","(258, 62)","(284, 527)","(294, 322)","(0, 0)","(0, 0)","(0, 0)","(0, 0)",3
554,"(169, 508)","(190, 165)","(258, 62)","(284, 527)","(294, 322)","(0, 0)","(0, 0)","(0, 0)","(0, 0)",3
555,"(169, 508)","(189, 164)","(256, 64)","(283, 528)","(294, 321)","(0, 0)","(0, 0)","(0, 0)","(0, 0)",3
556,"(169, 508)","(188, 167)","(254, 65)","(283, 526)","(292, 321)","(0, 0)","(0, 0)","(0, 0)","(0, 0)",3
557,"(169, 506)","(187, 165)","(253, 63)","(282, 527)","(292, 318)","(0, 0)","(0, 0)","(0, 0)","(0, 0)",3
558,"(168, 509)","(185, 165)","(250, 64)","(282, 524)","(291, 316)","(0, 0)","(0, 0)","(0, 0)","(0, 0)",3
559,"(167, 511)","(183, 165)","(247, 64)","(281, 522)","(289, 315)","(0, 0)","(0, 0)","(0, 0)","(0, 0)",3
560,"(165, 513)","(178, 166)","(243, 60)","(278, 523)","(284, 313)","(0, 0)","(0, 0)","(0, 0)","(0, 0)",3
561,"(164, 513)","(175, 166)","(238, 62)","(276, 523)","(282, 312)","(0, 0)","(0, 0)","(0, 0)","(0, 0)",3
562,"(162, 520)","(173, 166)","(236, 60)","(275, 523)","(279, 312)","(0, 0)","(0, 0)","(0, 0)","(0, 0)",3
563,"(161, 522)","(171, 168)","(232, 62)","(273, 525)","(276, 313)","(0, 0)","(0, 0)","(0, 0)","(0, 0)",3
564,"(160, 526)","(168, 171)","(229, 63)","(273, 523)","(275, 311)","(0, 0)","(0, 0)","(0, 0)","(0, 0)",3
565,"(161, 523)","(167, 167)","(227, 62)","(273, 311)","(273, 523)","(0, 0)","(0, 0)","(0, 0)","(0, 0)",3
566,"(161, 526)","(165, 170)","(225, 62)","(272, 311)","(273, 524)","(0, 0)","(0, 0)","(0, 0)","(0, 0)",3
567,"(162, 182)","(165, 350)","(223, 63)","(271, 312)","(274, 517)","(0, 0)","(0, 0)","(0, 0)","(0, 0)",3
568,"(162, 185)","(165, 350)","(223, 62)","(272, 310)","(275, 516)","(0, 0)","(0, 0)","(0, 0)","(0, 0)",3
569,"(162, 186)","(166, 349)","(223, 61)","(273, 309)","(277, 519)","(0, 0)","(0, 0)","(0, 0)","(0, 0)",3
570,"(162, 184)","(166, 351)","(222, 62)","(273, 309)","(278, 518)","(0, 0)","(0, 0)","(0, 0)","(0, 0)",3
571,"(162, 188)","(166, 351)","(221, 63)","(273, 309)","(278, 514)","(0, 0)","(0, 0)","(0, 0)","(0, 0)",3
572,"(162, 187)","(166, 349)","(222, 61)","(274, 307)","(279, 514)","(0, 0)","(0, 0)","(0, 0)","(0, 0)",3
573,"(162, 189)","(167, 351)","(222, 60)","(274, 306)","(280, 516)","(0, 0)","(0, 0)","(0, 0)","(0, 0)",3
574,"(162, 190)","(167, 350)","(220, 62)","(273, 307)","(280, 513)","(0, 0)","(0, 0)","(0, 0)","(0, 0)",3
575,"(162, 196)","(167, 349)","(221, 58)","(273, 305)","(280, 513)","(0, 0)","(0, 0)","(0, 0)","(0, 0)",3
576,"(161, 189)","(167, 348)","(219, 60)","(272, 305)","(280, 512)","(0, 0)","(0, 0)","(0, 0)","(0, 0)",3
577,"(161, 193)","(167, 348)","(218, 61)","(273, 303)","(280, 512)","(0, 0)","(0, 0)","(0, 0)","(0, 0)",3
578,"(161, 194)","(166, 349)","(217, 62)","(272, 304)","(280, 511)","(0, 0)","(0, 0)","(0, 0)","(0, 0)",3
579,"(161, 194)","(166, 349)","(218, 60)","(272, 304)","(280, 511)","(0, 0)","(0, 0)","(0, 0)","(0, 0)",3
580,"(161, 193)","(166, 349)","(219, 59)","(273, 303)","(280, 511)","(0, 0)","(0, 0)","(0, 0)","(0, 0)",3
581,"(161, 193)","(167, 347)","(219, 59)","(273, 304)","(280, 512)","(0, 0)","(0, 0)","(0, 0)","(0, 0)",3
582,"(161, 191)","(166, 348)","(220, 58)","(274, 303)","(280, 512)","(0, 0)","(0, 0)","(0, 0)","(0, 0)",3
583,"(161, 190)","(166, 348)","(219, 60)","(274, 304)","(280, 512)","(0, 0)","(0, 0)","(0, 0)","(0, 0)",3
584,"(161, 189)","(166, 349)","(218, 62)","(274, 304)","(279, 509)","(0, 0)","(0, 0)","(0, 0)","(0, 0)",3
585,"(161, 189)","(166, 345)","(220, 59)","(274, 304)","(279, 513)","(0, 0)","(0, 0)","(0, 0)","(0, 0)",3
586,"(161, 188)","(166, 346)","(220, 59)","(274, 304)","(278, 510)","(0, 0)","(0, 0)","(0, 0)","(0, 0)",3
587,"(161, 186)","(166, 345)","(221, 58)","(275, 303)","(278, 512)","(0, 0)","(0, 0)","(0, 0)","(0, 0)",3
588,"(161, 183)","(166, 346)","(220, 60)","(275, 304)","(278, 512)","(0, 0)","(0, 0)","(0, 0)","(0, 0)",3
589,"(162, 193)","(166, 345)","(221, 59)","(274, 306)","(278, 512)","(501, 598)","(0, 0)","(0, 0)","(0, 0)",3
590,"(162, 188)","(166, 344)","(222, 58)","(275, 304)","(277, 510)","(0, 0)","(0, 0)","(0, 0)","(0, 0)",3
591,"(162, 188)","(165, 342)","(221, 59)","(276, 301)","(276, 509)","(0, 0)","(0, 0)","(0, 0)","(0, 0)",3
592,"(163, 169)","(164, 342)","(224, 54)","(275, 507)","(276, 300)","(0, 0)","(0, 0)","(0, 0)","(0, 0)",3
593,"(162, 517)","(165, 163)","(224, 54)","(274, 513)","(276, 299)","(0, 0)","(0, 0)","(0, 0)","(0, 0)",3
594,"(162, 512)","(165, 163)","(225, 52)","(273, 514)","(275, 300)","(0, 0)","(0, 0)","(0, 0)","(0, 0)",3
595,"(162, 512)","(166, 161)","(225, 53)","(273, 513)","(276, 300)","(0, 0)","(0, 0)","(0, 0)","(0, 0)",3
596,"(162, 511)","(168, 160)","(227, 52)","(273, 514)","(277, 300)","(0, 0)","(0, 0)","(0, 0)","(0, 0)",3
597,"(162, 511)","(170, 159)","(229, 52)","(273, 515)","(279, 299)","(0, 0)","(0, 0)","(0, 0)","(0, 0)",3
598,"(162, 510)","(172, 156)","(233, 49)","(273, 516)","(280, 300)","(0, 0)","(0, 0)","(0, 0)","(0, 0)",3
599,"(161, 513)","(172, 157)","(234, 50)","(273, 513)","(280, 301)","(0, 0)","(0, 0)","(0, 0)","(0, 0)",3
600,"(161, 508)","(173, 154)","(236, 48)","(272, 516)","(281, 300)","(0, 0)","(0, 0)","(0, 0)","(0, 0)",3
601,"(160, 509)","(174, 152)","(235, 50)","(271, 516)","(280, 301)","(0, 0)","(0, 0)","(0, 0)","(0, 0)",3
602,"(159, 511)","(174, 152)","(234, 52)","(270, 517)","(280, 301)","(0, 0)","(0, 0)","(0, 0)","(0, 0)",3
603,"(159, 505)","(173, 153)","(234, 52)","(270, 514)","(279, 302)","(0, 0)","(0, 0)","(0, 0)","(0, 0)",3
604,"(158, 506)","(173, 152)","(236, 49)","(269, 515)","(279, 302)","(0, 0)","(0, 0)","(0, 0)","(0, 0)",3
605,"(158, 507)","(174, 152)","(236, 51)","(269, 516)","(279, 303)","(0, 0)","(0, 0)","(0, 0)","(0, 0)",3
606,"(158, 506)","(173, 153)","(236, 52)","(269, 517)","(279, 304)","(0, 0)","(0, 0)","(0, 0)","(0, 0)",3
607,"(158, 506)","(173, 153)","(236, 52)","(269, 516)","(279, 304)","(0, 0)","(0, 0)","(0, 0)","(0, 0)",3
608,"(158, 505)","(173, 153)","(236, 52)","(269, 515)","(278, 305)","(0, 0)","(0, 0)","(0, 0)","(0, 0)",3
609,"(158, 505)","(173, 153)","(236, 52)","(268, 519)","(279, 303)","(0, 0)","(0, 0)","(0, 0)","(0, 0)",3
610,"(158, 505)","(173, 153)","(237, 50)","(269, 515)","(279, 303)","(0, 0)","(0, 0)","(0, 0)","(0, 0)",3
611,"(158, 506)","(173, 153)","(236, 51)","(269, 516)","(279, 303)","(0, 0)","(0, 0)","(0, 0)","(0, 0)",3
612,"(158, 506)","(174, 151)","(236, 51)","(269, 515)","(278, 304)","(0, 0)","(0, 0)","(0, 0)","(0, 0)",3
613,"(158, 506)","(173, 153)","(235, 52)","(269, 515)","(279, 302)","(0, 0)","(0, 0)","(0, 0)","(0, 0)",3
614,"(158, 506)","(173, 152)","(235, 52)","(269, 515)","(278, 303)","(0, 0)","(0, 0)","(0, 0)","(0, 0)",3
615,"(158, 506)","(173, 153)","(235, 52)","(269, 516)","(279, 302)","(0, 0)","(0, 0)","(0, 0)","(0, 0)",3
616,"(158, 506)","(174, 151)","(236, 51)","(269, 516)","(278, 304)","(0, 0)","(0, 0)","(0, 0)","(0, 0)",3
617,"(158, 505)","(174, 151)","(236, 51)","(269, 514)","(278, 304)","(0, 0)","(0, 0)","(0, 0)","(0, 0)",3
618,"(158, 505)","(173, 152)","(236, 51)","(269, 515)","(278, 304)","(0, 0)","(0, 0)","(0, 0)","(0, 0)",3
619,"(158, 507)","(173, 156)","(236, 51)","(269, 515)","(277, 305)","(0, 0)","(0, 0)","(0, 0)","(0, 0)",3
620,"(158, 508)","(173, 154)","(236, 50)","(269, 515)","(278, 302)","(0, 0)","(0, 0)","(0, 0)","(0, 0)",3
621,"(158, 508)","(172, 155)","(235, 51)","(269, 515)","(277, 303)","(0, 0)","(0, 0)","(0, 0)","(0, 0)",3
622,"(158, 507)","(172, 153)","(234, 52)","(269, 515)","(277, 302)","(0, 0)","(0, 0)","(0, 0)","(0, 0)",3
623,"(158, 508)","(172, 153)","(235, 50)","(269, 515)","(277, 302)","(0, 0)","(0, 0)","(0, 0)","(0, 0)",3
624,"(158, 508)","(172, 153)","(235, 50)","(269, 515)","(277, 302)","(484, 598)","(0, 0)","(0, 0)","(0, 0)",3
625,"(158, 508)","(172, 153)","(234, 52)","(269, 515)","(277, 302)","(0, 0)","(0, 0)","(0, 0)","(0, 0)",3
626,"(158, 507)","(172, 153)","(235, 51)","(269, 515)","(277, 303)","(0, 0)","(0, 0)","(0, 0)","(0, 0)",3
627,"(158, 507)","(173, 153)","(235, 51)","(269, 515)","(278, 302)","(0, 0)","(0, 0)","(0, 0)","(0, 0)",3
628,"(158, 507)","(173, 153)","(234, 53)","(269, 515)","(277, 304)","(0, 0)","(0, 0)","(0, 0)","(0, 0)",3
629,"(158, 506)","(173, 154)","(234, 53)","(269, 515)","(278, 303)","(0, 0)","(0, 0)","(0, 0)","(0, 0)",3
630,"(158, 506)","(173, 154)","(235, 51)","(269, 516)","(277, 304)","(0, 0)","(0, 0)","(0, 0)","(0, 0)",3
631,"(158, 506)","(172, 155)","(235, 51)","(269, 516)","(278, 302)","(0, 0)","(0, 0)","(0, 0)","(0, 0)",3
632,"(158, 507)","(172, 154)","(235, 51)","(269, 516)","(278, 302)","(0, 0)","(0, 0)","(0, 0)","(0, 0)",3
633,"(158, 507)","(172, 154)","(234, 52)","(269, 515)","(277, 303)","(0, 0)","(0, 0)","(0, 0)","(0, 0)",3
634,"(158, 508)","(172, 153)","(235, 50)","(269, 515)","(277, 303)","(0, 0)","(0, 0)","(0, 0)","(0, 0)",3
635,"(158, 510)","(172, 152)","(233, 53)","(269, 517)","(277, 302)","(0, 0)","(0, 0)","(0, 0)","(0, 0)",3
636,"(158, 511)","(172, 152)","(234, 51)","(269, 517)","(277, 302)","(0, 0)","(0, 0)","(0, 0)","(0, 0)",3
637,"(159, 505)","(172, 152)","(234, 51)","(269, 517)","(277, 302)","(0, 0)","(0, 0)","(0, 0)","(0, 0)",3
638,"(158, 512)","(172, 152)","(234, 51)","(269, 518)","(277, 302)","(0, 0)","(0, 0)","(0, 0)","(0, 0)",3
639,"(158, 512)","(172, 152)","(233, 53)","(269, 517)","(277, 302)","(0, 0)","(0, 0)","(0, 0)","(0, 0)",3
640,"(158, 510)","(172, 153)","(234, 51)","(270, 513)","(277, 302)","(0, 0)","(0, 0)","(0, 0)","(0, 0)",3
641,"(158, 509)","(172, 152)","(234, 51)","(269, 516)","(277, 302)","(0, 0)","(0, 0)","(0, 0)","(0, 0)",3
642,"(158, 509)","(172, 152)","(234, 51)","(269, 516)","(276, 303)","(0, 0)","(0, 0)","(0, 0)","(0, 0)",3
643,"(158, 509)","(173, 151)","(234, 51)","(269, 516)","(277, 301)","(0, 0)","(0, 0)","(0, 0)","(0, 0)",3
644,"(158, 509)","(171, 158)","(234, 50)","(269, 516)","(277, 301)","(0, 0)","(0, 0)","(0, 0)","(0, 0)",3
645,"(158, 510)","(172, 155)","(235, 48)","(269, 515)","(277, 300)","(0, 0)","(0, 0)","(0, 0)","(0, 0)",3
646,"(158, 510)","(171, 153)","(232, 52)","(269, 515)","(276, 300)","(0, 0)","(0, 0)","(0, 0)","(0, 0)",3
647,"(158, 511)","(171, 156)","(231, 52)","(269, 514)","(276, 299)","(0, 0)","(0, 0)","(0, 0)","(0, 0)",3
648,"(158, 510)","(171, 152)","(232, 49)","(269, 513)","(276, 298)","(0, 0)","(0, 0)","(0, 0)","(0, 0)",3
649,"(158, 511)","(170, 153)","(231, 50)","(269, 513)","(275, 299)","(0, 0)","(0, 0)","(0, 0)","(0, 0)",3
650,"(158, 512)","(169, 155)","(230, 49)","(269, 513)","(274, 299)","(0, 0)","(0, 0)","(0, 0)","(0, 0)",3
651,"(158, 512)","(170, 153)","(229, 50)","(269, 512)","(275, 297)","(0, 0)","(0, 0)","(0, 0)","(0, 0)",3
652,"(158, 512)","(170, 152)","(230, 48)","(269, 512)","(274, 298)","(0, 0)","(0, 0)","(0, 0)","(0, 0)",3
653,"(158, 511)","(169, 152)","(229, 49)","(269, 512)","(274, 297)","(0, 0)","(0, 0)","(0, 0)","(0, 0)",3
654,"(158, 510)","(169, 152)","(227, 51)","(269, 509)","(274, 296)","(0, 0)","(0, 0)","(0, 0)","(0, 0)",3
655,"(158, 508)","(168, 153)","(227, 49)","(268, 512)","(273, 297)","(0, 0)","(0, 0)","(0, 0)","(0, 0)",3
656,"(158, 508)","(167, 152)","(227, 48)","(268, 511)","(273, 296)","(0, 0)","(0, 0)","(0, 0)","(0, 0)",3
657,"(158, 508)","(167, 152)","(226, 48)","(268, 509)","(272, 296)","(0, 0)","(0, 0)","(0, 0)","(0, 0)",3
658,"(158, 507)","(166, 154)","(226, 47)","(268, 509)","(272, 296)","(0, 0)","(0, 0)","(0, 0)","(0, 0)",3
659,"(158, 508)","(166, 152)","(224, 49)","(268, 508)","(272, 295)","(0, 0)","(0, 0)","(0, 0)","(0, 0)",3
660,"(158, 508)","(165, 154)","(225, 46)","(268, 507)","(270, 297)","(0, 0)","(0, 0)","(0, 0)","(0, 0)",3
661,"(157, 515)","(165, 152)","(224, 47)","(268, 507)","(271, 295)","(0, 0)","(0, 0)","(0, 0)","(0, 0)",3
662,"(157, 511)","(165, 152)","(223, 48)","(267, 511)","(270, 296)","(0, 0)","(0, 0)","(0, 0)","(0, 0)",3
663,"(157, 507)","(164, 153)","(223, 47)","(267, 507)","(270, 295)","(0, 0)","(0, 0)","(0, 0)","(0, 0)",3
664,"(155, 511)","(163, 153)","(223, 46)","(266, 505)","(269, 294)","(0, 0)","(0, 0)","(0, 0)","(0, 0)",3
665,"(153, 503)","(161, 151)","(221, 44)","(263, 503)","(267, 291)","(0, 0)","(0, 0)","(0, 0)","(0, 0)",3
666,"(152, 500)","(160, 147)","(219, 44)","(261, 504)","(265, 290)","(0, 0)","(0, 0)","(0, 0)","(0, 0)",3
667,"(150, 502)","(159, 147)","(217, 44)","(260, 500)","(264, 288)","(0, 0)","(0, 0)","(0, 0)","(0, 0)",3
668,"(149, 502)","(157, 147)","(217, 41)","(259, 498)","(261, 289)","(0, 0)","(0, 0)","(0, 0)","(0, 0)",3
669,"(149, 497)","(156, 146)","(214, 43)","(258, 498)","(260, 288)","(0, 0)","(0, 0)","(0, 0)","(0, 0)",3
670,"(148, 498)","(155, 145)","(215, 39)","(257, 499)","(260, 286)","(0, 0)","(0, 0)","(0, 0)","(0, 0)",3
671,"(147, 502)","(154, 146)","(214, 39)","(257, 496)","(260, 284)","(0, 0)","(0, 0)","(0, 0)","(0, 0)",3
672,"(147, 496)","(154, 148)","(213, 39)","(256, 495)","(258, 285)","(0, 0)","(0, 0)","(0, 0)","(0, 0)",3
673,"(146, 496)","(153, 143)","(213, 37)","(255, 496)","(258, 283)","(0, 0)","(0, 0)","(0, 0)","(0, 0)",3
674,"(145, 496)","(153, 142)","(212, 37)","(254, 496)","(257, 282)","(0, 0)","(0, 0)","(0, 0)","(0, 0)",3
675,"(145, 492)","(152, 142)","(211, 37)","(253, 497)","(256, 282)","(0, 0)","(0, 0)","(0, 0)","(0, 0)",3
676,"(144, 493)","(150, 145)","(211, 35)","(253, 492)","(256, 280)","(0, 0)","(0, 0)","(0, 0)","(0, 0)",3
677,"(143, 494)","(150, 141)","(210, 35)","(252, 492)","(255, 279)","(0, 0)","(0, 0)","(0, 0)","(0, 0)",3
678,"(143, 489)","(148, 143)","(209, 35)","(251, 492)","(253, 280)","(0, 0)","(0, 0)","(0, 0)","(0, 0)",3
679,"(142, 491)","(149, 139)","(207, 37)","(250, 494)","(254, 277)","(0, 0)","(0, 0)","(0, 0)","(0, 0)",3
680,"(141, 489)","(148, 138)","(208, 33)","(249, 491)","(252, 277)","(0, 0)","(0, 0)","(0, 0)","(0, 0)",3
681,"(140, 489)","(147, 140)","(208, 32)","(248, 492)","(252, 276)","(0, 0)","(0, 0)","(0, 0)","(0, 0)",3
682,"(140, 485)","(147, 137)","(207, 32)","(248, 487)","(251, 276)","(0, 0)","(0, 0)","(0, 0)","(0, 0)",3
683,"(139, 487)","(146, 138)","(205, 34)","(247, 489)","(250, 276)","(0, 0)","(0, 0)","(0, 0)","(0, 0)",3
684,"(138, 488)","(147, 135)","(206, 31)","(247, 486)","(250, 275)","(0, 0)","(0, 0)","(0, 0)","(0, 0)",3
685,"(138, 483)","(146, 137)","(206, 30)","(246, 487)","(250, 273)","(0, 0)","(0, 0)","(0, 0)","(0, 0)",3
686,"(137, 483)","(145, 134)","(206, 28)","(245, 486)","(249, 272)","(0, 0)","(0, 0)","(0, 0)","(0, 0)",3
687,"(136, 486)","(144, 134)","(203, 31)","(245, 481)","(247, 273)","(0, 0)","(0, 0)","(0, 0)","(0, 0)",3
688,"(136, 483)","(144, 131)","(204, 28)","(244, 485)","(247, 271)","(0, 0)","(0, 0)","(0, 0)","(0, 0)",3
689,"(136, 482)","(143, 136)","(204, 27)","(244, 485)","(247, 271)","(0, 0)","(0, 0)","(0, 0)","(0, 0)",3
690,"(136, 484)","(144, 134)","(204, 27)","(245, 480)","(247, 271)","(0, 0)","(0, 0)","(0, 0)","(0, 0)",3
691,"(136, 483)","(143, 136)","(204, 27)","(245, 481)","(247, 271)","(0, 0)","(0, 0)","(0, 0)","(0, 0)",3
692,"(136, 483)","(144, 134)","(204, 27)","(244, 484)","(248, 269)","(0, 0)","(0, 0)","(0, 0)","(0, 0)",3
693,"(136, 480)","(143, 133)","(204, 26)","(244, 482)","(247, 270)","(0, 0)","(0, 0)","(0, 0)","(0, 0)",3
694,"(135, 480)","(144, 130)","(204, 25)","(243, 483)","(246, 270)","(0, 0)","(0, 0)","(0, 0)","(0, 0)",3
695,"(133, 477)","(142, 130)","(202, 24)","(241, 480)","(245, 266)","(0, 0)","(0, 0)","(0, 0)","(0, 0)",3
696,"(132, 474)","(141, 126)","(202, 21)","(240, 476)","(244, 264)","(0, 0)","(0, 0)","(0, 0)","(0, 0)",3
697,"(131, 473)","(140, 125)","(201, 20)","(239, 474)","(243, 262)","(0, 0)","(0, 0)","(0, 0)","(0, 0)",3
698,"(130, 475)","(139, 125)","(199, 21)","(238, 475)","(242, 262)","(0, 0)","(0, 0)","(0, 0)","(0, 0)",3
699,"(130, 471)","(139, 123)","(199, 20)","(238, 474)","(242, 261)","(0, 0)","(0, 0)","(0, 0)","(0, 0)",3
700,"(130, 474)","(139, 124)","(199, 20)","(238, 476)","(241, 263)","(0, 0)","(0, 0)","(0, 0)","(0, 0)",3
701,"(131, 469)","(140, 123)","(200, 19)","(239, 473)","(243, 261)","(0, 0)","(0, 0)","(0, 0)","(0, 0)",3
702,"(131, 469)","(139, 126)","(199, 21)","(239, 473)","(243, 262)","(466, 598)","(0, 0)","(0, 0)","(0, 0)",3
703,"(131, 469)","(139, 125)","(199, 21)","(239, 472)","(243, 262)","(0, 0)","(0, 0)","(0, 0)","(0, 0)",3
704,"(131, 469)","(139, 125)","(199, 21)","(239, 473)","(242, 263)","(0, 0)","(0, 0)","(0, 0)","(0, 0)",3
705,"(131, 470)","(139, 124)","(200, 19)","(239, 474)","(242, 263)","(0, 0)","(0, 0)","(0, 0)","(0, 0)",3
706,"(131, 470)","(139, 124)","(200, 19)","(239, 474)","(242, 263)","(0, 0)","(0, 0)","(0, 0)","(0, 0)",3
707,"(131, 470)","(139, 124)","(200, 19)","(239, 474)","(242, 263)","(0, 0)","(0, 0)","(0, 0)","(0, 0)",3
708,"(131, 470)","(139, 124)","(200, 19)","(239, 475)","(243, 262)","(0, 0)","(0, 0)","(0, 0)","(0, 0)",3
709,"(131, 470)","(139, 125)","(199, 21)","(239, 474)","(243, 262)","(0, 0)","(0, 0)","(0, 0)","(0, 0)",3
710,"(131, 470)","(140, 125)","(201, 18)","(239, 475)","(242, 264)","(0, 0)","(0, 0)","(0, 0)","(0, 0)",3
711,"(131, 471)","(140, 123)","(200, 20)","(239, 476)","(243, 263)","(0, 0)","(0, 0)","(0, 0)","(0, 0)",3
712,"(131, 472)","(140, 123)","(199, 22)","(239, 477)","(243, 264)","(0, 0)","(0, 0)","(0, 0)","(0, 0)",3
713,"(131, 472)","(140, 124)","(201, 19)","(239, 478)","(243, 264)","(0, 0)","(0, 0)","(0, 0)","(0, 0)",3
714,"(131, 472)","(140, 125)","(201, 20)","(239, 478)","(243, 265)","(0, 0)","(0, 0)","(0, 0)","(0, 0)",3
715,"(131, 473)","(141, 125)","(200, 22)","(240, 475)","(243, 266)","(0, 0)","(0, 0)","(0, 0)","(0, 0)",3
716,"(131, 473)","(141, 128)","(201, 21)","(240, 475)","(244, 265)","(0, 0)","(0, 0)","(0, 0)","(0, 0)",3
717,"(131, 473)","(141, 126)","(201, 22)","(240, 477)","(244, 266)","(0, 0)","(0, 0)","(0, 0)","(0, 0)",3
718,"(131, 474)","(142, 126)","(200, 25)","(240, 478)","(243, 269)","(0, 0)","(0, 0)","(0, 0)","(0, 0)",3
719,"(131, 476)","(141, 130)","(201, 25)","(240, 481)","(244, 269)","(0, 0)","(0, 0)","(0, 0)","(0, 0)",3
720,"(131, 476)","(142, 128)","(202, 25)","(240, 482)","(244, 271)","(0, 0)","(0, 0)","(0, 0)","(0, 0)",3
721,"(131, 475)","(144, 127)","(204, 24)","(240, 483)","(246, 270)","(0, 0)","(0, 0)","(0, 0)","(0, 0)",3
722,"(131, 475)","(144, 127)","(205, 25)","(240, 485)","(247, 271)","(0, 0)","(0, 0)","(0, 0)","(0, 0)",3
723,"(131, 475)","(145, 132)","(205, 28)","(240, 486)","(247, 273)","(0, 0)","(0, 0)","(0, 0)","(0, 0)",3
724,"(131, 474)","(146, 128)","(208, 26)","(240, 487)","(247, 276)","(0, 0)","(0, 0)","(0, 0)","(0, 0)",3
725,"(131, 474)","(148, 129)","(209, 31)","(240, 489)","(250, 277)","(0, 0)","(0, 0)","(0, 0)","(0, 0)",3
726,"(131, 473)","(150, 127)","(213, 28)","(240, 490)","(251, 279)","(0, 0)","(0, 0)","(0, 0)","(0, 0)",3
727,"(131, 474)","(152, 126)","(215, 29)","(240, 491)","(252, 280)","(0, 0)","(0, 0)","(0, 0)","(0, 0)",3
728,"(131, 474)","(154, 128)","(219, 27)","(241, 489)","(253, 281)","(0, 0)","(0, 0)","(0, 0)","(0, 0)",3
729,"(131, 475)","(156, 125)","(219, 30)","(241, 491)","(255, 281)","(0, 0)","(0, 0)","(0, 0)","(0, 0)",3
730,"(132, 469)","(156, 126)","(222, 28)","(241, 491)","(255, 282)","(0, 0)","(0, 0)","(0, 0)","(0, 0)",3
731,"(132, 468)","(158, 124)","(224, 27)","(241, 491)","(256, 282)","(0, 0)","(0, 0)","(0, 0)","(0, 0)",3
732,"(132, 468)","(158, 127)","(222, 31)","(241, 491)","(257, 282)","(0, 0)","(0, 0)","(0, 0)","(0, 0)",3
733,"(131, 476)","(159, 125)","(223, 31)","(241, 492)","(257, 283)","(0, 0)","(0, 0)","(0, 0)","(0, 0)",3
734,"(132, 467)","(159, 125)","(224, 31)","(241, 491)","(258, 283)","(0, 0)","(0, 0)","(0, 0)","(0, 0)",3
735,"(132, 467)","(161, 123)","(226, 30)","(241, 491)","(258, 284)","(0, 0)","(0, 0)","(0, 0)","(0, 0)",3
736,"(132, 466)","(161, 124)","(228, 29)","(241, 492)","(259, 284)","(0, 0)","(0, 0)","(0, 0)","(0, 0)",3
737,"(132, 466)","(163, 122)","(230, 28)","(241, 493)","(260, 284)","(0, 0)","(0, 0)","(0, 0)","(0, 0)",3
738,"(132, 466)","(163, 127)","(229, 31)","(241, 493)","(260, 286)","(0, 0)","(0, 0)","(0, 0)","(0, 0)",3
739,"(132, 466)","(163, 124)","(230, 31)","(241, 494)","(261, 285)","(0, 0)","(0, 0)","(0, 0)","(0, 0)",3
740,"(131, 472)","(165, 122)","(231, 32)","(241, 494)","(261, 287)","(0, 0)","(0, 0)","(0, 0)","(0, 0)",3
741,"(132, 465)","(165, 126)","(233, 30)","(241, 494)","(262, 286)","(0, 0)","(0, 0)","(0, 0)","(0, 0)",3
742,"(131, 471)","(166, 123)","(234, 30)","(241, 494)","(262, 288)","(0, 0)","(0, 0)","(0, 0)","(0, 0)",3
743,"(131, 468)","(168, 120)","(234, 31)","(241, 494)","(262, 288)","(0, 0)","(0, 0)","(0, 0)","(0, 0)",3
744,"(131, 467)","(167, 123)","(234, 32)","(241, 492)","(262, 289)","(0, 0)","(0, 0)","(0, 0)","(0, 0)",3
745,"(131, 466)","(168, 124)","(235, 32)","(241, 493)","(262, 290)","(0, 0)","(0, 0)","(0, 0)","(0, 0)",3
746,"(131, 466)","(168, 123)","(235, 33)","(240, 497)","(263, 289)","(0, 0)","(0, 0)","(0, 0)","(0, 0)",3
747,"(131, 464)","(169, 125)","(235, 34)","(240, 496)","(263, 290)","(0, 0)","(0, 0)","(0, 0)","(0, 0)",3
748,"(131, 461)","(170, 120)","(236, 33)","(240, 495)","(263, 290)","(0, 0)","(0, 0)","(0, 0)","(0, 0)",3
749,"(130, 463)","(169, 121)","(236, 33)","(239, 497)","(263, 289)","(0, 0)","(0, 0)","(0, 0)","(0, 0)",3
750,"(130, 462)","(169, 121)","(236, 33)","(239, 496)","(262, 290)","(0, 0)","(0, 0)","(0, 0)","(0, 0)",3
751,"(130, 460)","(169, 120)","(237, 32)","(239, 494)","(263, 290)","(0, 0)","(0, 0)","(0, 0)","(0, 0)",3
752,"(130, 458)","(170, 122)","(236, 34)","(239, 493)","(263, 290)","(0, 0)","(0, 0)","(0, 0)","(0, 0)",3
753,"(130, 456)","(171, 118)","(238, 32)","(238, 495)","(263, 290)","(0, 0)","(0, 0)","(0, 0)","(0, 0)",3
754,"(130, 455)","(175, 116)","(243, 31)","(239, 495)","(266, 290)","(0, 0)","(0, 0)","(0, 0)","(0, 0)",3
755,"(130, 456)","(175, 119)","(245, 31)","(240, 493)","(267, 291)","(0, 0)","(0, 0)","(0, 0)","(0, 0)",3
756,"(130, 456)","(177, 119)","(246, 32)","(240, 495)","(268, 292)","(0, 0)","(0, 0)","(0, 0)","(0, 0)",3
757,"(130, 458)","(178, 119)","(249, 31)","(240, 496)","(268, 294)","(0, 0)","(0, 0)","(0, 0)","(0, 0)",3
758,"(130, 457)","(179, 116)","(249, 33)","(240, 496)","(269, 294)","(0, 0)","(0, 0)","(0, 0)","(0, 0)",3
759,"(130, 456)","(182, 114)","(249, 35)","(240, 496)","(269, 295)","(0, 0)","(0, 0)","(0, 0)","(0, 0)",3
760,"(130, 455)","(181, 117)","(249, 36)","(240, 496)","(270, 295)","(0, 0)","(0, 0)","(0, 0)","(0, 0)",3
761,"(130, 454)","(181, 116)","(251, 35)","(240, 496)","(270, 296)","(0, 0)","(0, 0)","(0, 0)","(0, 0)",3
762,"(130, 452)","(183, 115)","(250, 38)","(239, 498)","(270, 297)","(0, 0)","(0, 0)","(0, 0)","(0, 0)",3
763,"(130, 451)","(183, 117)","(253, 36)","(239, 498)","(271, 297)","(0, 0)","(0, 0)","(0, 0)","(0, 0)",3
764,"(130, 451)","(184, 118)","(253, 38)","(239, 499)","(271, 299)","(0, 0)","(0, 0)","(0, 0)","(0, 0)",3
765,"(130, 451)","(186, 115)","(256, 37)","(239, 500)","(272, 300)","(0, 0)","(0, 0)","(0, 0)","(0, 0)",3
766,"(130, 452)","(187, 116)","(256, 40)","(239, 501)","(273, 301)","(0, 0)","(0, 0)","(0, 0)","(0, 0)",3
767,"(130, 453)","(188, 116)","(257, 41)","(240, 499)","(273, 303)","(0, 0)","(0, 0)","(0, 0)","(0, 0)",3
768,"(130, 452)","(188, 117)","(258, 42)","(240, 499)","(274, 303)","(0, 0)","(0, 0)","(0, 0)","(0, 0)",3
769,"(130, 449)","(191, 115)","(264, 39)","(239, 502)","(275, 305)","(0, 0)","(0, 0)","(0, 0)","(0, 0)",3
770,"(130, 447)","(191, 115)","(264, 40)","(239, 500)","(275, 305)","(0, 0)","(0, 0)","(0, 0)","(0, 0)",3
771,"(130, 445)","(193, 114)","(265, 40)","(238, 502)","(274, 307)","(0, 0)","(0, 0)","(0, 0)","(0, 0)",3
772,"(130, 443)","(193, 115)","(266, 40)","(238, 501)","(274, 307)","(0, 0)","(0, 0)","(0, 0)","(0, 0)",3
773,"(130, 442)","(195, 113)","(267, 40)","(238, 501)","(272, 309)","(0, 0)","(0, 0)","(0, 0)","(0, 0)",3
774,"(130, 442)","(194, 115)","(267, 41)","(238, 502)","(274, 309)","(0, 0)","(0, 0)","(0, 0)","(0, 0)",3
775,"(130, 443)","(195, 116)","(269, 41)","(238, 502)","(274, 310)","(0, 0)","(0, 0)","(0, 0)","(0, 0)",3
776,"(130, 442)","(196, 115)","(271, 41)","(238, 503)","(274, 311)","(0, 0)","(0, 0)","(0, 0)","(0, 0)",3
777,"(130, 443)","(198, 115)","(269, 44)","(238, 504)","(275, 312)","(423, 587)","(0, 0)","(0, 0)","(0, 0)",3
778,"(130, 443)","(199, 115)","(269, 46)","(238, 505)","(277, 312)","(0, 0)","(0, 0)","(0, 0)","(0, 0)",3
779,"(130, 444)","(199, 116)","(274, 44)","(238, 505)","(276, 314)","(0, 0)","(0, 0)","(0, 0)","(0, 0)",3
780,"(130, 443)","(200, 114)","(272, 47)","(238, 505)","(277, 315)","(0, 0)","(0, 0)","(0, 0)","(0, 0)",3
781,"(130, 443)","(201, 115)","(275, 46)","(238, 506)","(278, 315)","(0, 0)","(0, 0)","(0, 0)","(0, 0)",3
782,"(130, 443)","(202, 116)","(276, 46)","(238, 505)","(277, 316)","(0, 0)","(0, 0)","(0, 0)","(0, 0)",3
783,"(130, 442)","(201, 116)","(276, 47)","(237, 508)","(278, 316)","(0, 0)","(0, 0)","(0, 0)","(0, 0)",3
784,"(130, 442)","(204, 113)","(277, 48)","(237, 508)","(278, 318)","(0, 0)","(0, 0)","(0, 0)","(0, 0)",3
785,"(130, 442)","(204, 115)","(279, 48)","(237, 508)","(279, 318)","(0, 0)","(0, 0)","(0, 0)","(0, 0)",3
786,"(130, 442)","(204, 118)","(279, 49)","(237, 509)","(279, 319)","(0, 0)","(0, 0)","(0, 0)","(0, 0)",3
787,"(130, 442)","(206, 115)","(280, 50)","(237, 509)","(279, 320)","(0, 0)","(0, 0)","(0, 0)","(0, 0)",3
788,"(130, 442)","(208, 114)","(282, 50)","(237, 510)","(281, 320)","(0, 0)","(0, 0)","(0, 0)","(0, 0)",3
789,"(130, 443)","(208, 116)","(281, 52)","(237, 510)","(281, 321)","(0, 0)","(0, 0)","(0, 0)","(0, 0)",3
790,"(130, 442)","(209, 116)","(284, 51)","(237, 511)","(280, 323)","(0, 0)","(0, 0)","(0, 0)","(0, 0)",3
791,"(131, 439)","(209, 116)","(283, 53)","(237, 511)","(281, 323)","(0, 0)","(0, 0)","(0, 0)","(0, 0)",3
792,"(130, 443)","(209, 118)","(283, 54)","(237, 512)","(282, 323)","(0, 0)","(0, 0)","(0, 0)","(0, 0)",3
793,"(130, 443)","(210, 117)","(283, 55)","(237, 512)","(282, 324)","(0, 0)","(0, 0)","(0, 0)","(0, 0)",3
794,"(131, 439)","(211, 116)","(286, 54)","(237, 512)","(282, 325)","(0, 0)","(0, 0)","(0, 0)","(0, 0)",3
795,"(130, 444)","(212, 117)","(285, 56)","(237, 513)","(282, 326)","(0, 0)","(0, 0)","(0, 0)","(0, 0)",3
796,"(130, 444)","(210, 120)","(285, 57)","(237, 513)","(283, 326)","(0, 0)","(0, 0)","(0, 0)","(0, 0)",3
797,"(131, 440)","(212, 119)","(286, 57)","(237, 514)","(283, 327)","(0, 0)","(0, 0)","(0, 0)","(0, 0)",3
798,"(131, 440)","(213, 120)","(288, 57)","(237, 514)","(283, 328)","(0, 0)","(0, 0)","(0, 0)","(0, 0)",3
799,"(131, 440)","(214, 118)","(289, 58)","(237, 514)","(283, 329)","(0, 0)","(0, 0)","(0, 0)","(0, 0)",3
800,"(131, 440)","(213, 119)","(291, 57)","(237, 514)","(283, 329)","(0, 0)","(0, 0)","(0, 0)","(0, 0)",3
801,"(131, 440)","(215, 118)","(290, 58)","(237, 514)","(283, 329)","(0, 0)","(0, 0)","(0, 0)","(0, 0)",3
802,"(131, 439)","(215, 116)","(290, 58)","(237, 514)","(283, 329)","(0, 0)","(0, 0)","(0, 0)","(0, 0)",3
803,"(130, 443)","(215, 116)","(290, 58)","(237, 514)","(284, 329)","(0, 0)","(0, 0)","(0, 0)","(0, 0)",3
804,"(132, 435)","(215, 116)","(291, 58)","(237, 513)","(284, 329)","(0, 0)","(0, 0)","(0, 0)","(0, 0)",3
805,"(132, 435)","(217, 116)","(291, 59)","(237, 513)","(285, 329)","(0, 0)","(0, 0)","(0, 0)","(0, 0)",3
806,"(131, 438)","(218, 116)","(293, 59)","(237, 514)","(285, 330)","(0, 0)","(0, 0)","(0, 0)","(0, 0)",3
807,"(132, 434)","(217, 117)","(293, 60)","(237, 514)","(286, 330)","(0, 0)","(0, 0)","(0, 0)","(0, 0)",3
808,"(132, 434)","(219, 117)","(296, 59)","(237, 514)","(287, 330)","(0, 0)","(0, 0)","(0, 0)","(0, 0)",3
809,"(132, 433)","(220, 116)","(293, 62)","(237, 513)","(286, 331)","(0, 0)","(0, 0)","(0, 0)","(0, 0)",3
810,"(132, 434)","(220, 115)","(296, 60)","(237, 513)","(286, 331)","(0, 0)","(0, 0)","(0, 0)","(0, 0)",3
811,"(132, 434)","(220, 117)","(296, 60)","(237, 513)","(286, 331)","(0, 0)","(0, 0)","(0, 0)","(0, 0)",3
812,"(132, 434)","(220, 117)","(296, 60)","(237, 514)","(286, 331)","(0, 0)","(0, 0)","(0, 0)","(0, 0)",3
813,"(132, 434)","(220, 117)","(296, 60)","(237, 514)","(286, 331)","(0, 0)","(0, 0)","(0, 0)","(0, 0)",3
814,"(132, 434)","(219, 117)","(295, 61)","(237, 514)","(286, 331)","(0, 0)","(0, 0)","(0, 0)","(0, 0)",3
815,"(132, 434)","(220, 117)","(296, 60)","(237, 514)","(286, 331)","(0, 0)","(0, 0)","(0, 0)","(0, 0)",3
816,"(132, 434)","(220, 115)","(296, 60)","(237, 514)","(286, 331)","(0, 0)","(0, 0)","(0, 0)","(0, 0)",3
817,"(131, 438)","(220, 115)","(295, 61)","(237, 514)","(286, 331)","(0, 0)","(0, 0)","(0, 0)","(0, 0)",3
818,"(132, 435)","(220, 116)","(296, 60)","(237, 514)","(287, 330)","(0, 0)","(0, 0)","(0, 0)","(0, 0)",3
819,"(132, 435)","(220, 116)","(294, 62)","(237, 515)","(286, 331)","(0, 0)","(0, 0)","(0, 0)","(0, 0)",3
820,"(132, 435)","(220, 117)","(298, 60)","(237, 515)","(287, 331)","(0, 0)","(0, 0)","(0, 0)","(0, 0)",3
821,"(132, 434)","(221, 116)","(298, 61)","(237, 514)","(286, 332)","(0, 0)","(0, 0)","(0, 0)","(0, 0)",3
822,"(132, 434)","(220, 118)","(299, 62)","(236, 516)","(286, 333)","(0, 0)","(0, 0)","(0, 0)","(0, 0)",3
823,"(132, 435)","(222, 117)","(299, 63)","(236, 517)","(286, 334)","(0, 0)","(0, 0)","(0, 0)","(0, 0)",3
824,"(132, 435)","(223, 119)","(301, 64)","(236, 518)","(287, 335)","(0, 0)","(0, 0)","(0, 0)","(0, 0)",3
825,"(132, 435)","(224, 120)","(300, 67)","(236, 519)","(287, 337)","(0, 0)","(0, 0)","(0, 0)","(0, 0)",3
826,"(132, 436)","(225, 119)","(303, 67)","(236, 519)","(288, 338)","(0, 0)","(0, 0)","(0, 0)","(0, 0)",3
827,"(132, 436)","(226, 119)","(304, 68)","(236, 519)","(289, 338)","(0, 0)","(0, 0)","(0, 0)","(0, 0)",3
828,"(133, 432)","(227, 120)","(306, 69)","(237, 517)","(289, 339)","(0, 0)","(0, 0)","(0, 0)","(0, 0)",3
829,"(133, 432)","(230, 119)","(310, 69)","(237, 518)","(291, 339)","(0, 0)","(0, 0)","(0, 0)","(0, 0)",3
830,"(132, 435)","(231, 118)","(312, 69)","(237, 518)","(292, 339)","(0, 0)","(0, 0)","(0, 0)","(0, 0)",3
831,"(132, 435)","(231, 119)","(312, 70)","(237, 517)","(291, 340)","(0, 0)","(0, 0)","(0, 0)","(0, 0)",3
832,"(132, 434)","(231, 119)","(314, 69)","(237, 517)","(292, 339)","(0, 0)","(0, 0)","(0, 0)","(0, 0)",3
833,"(132, 433)","(231, 119)","(312, 70)","(236, 518)","(291, 340)","(0, 0)","(0, 0)","(0, 0)","(0, 0)",3
834,"(132, 433)","(231, 119)","(311, 71)","(236, 517)","(292, 339)","(0, 0)","(0, 0)","(0, 0)","(0, 0)",3
835,"(132, 433)","(232, 117)","(315, 71)","(237, 516)","(294, 339)","(0, 0)","(0, 0)","(0, 0)","(0, 0)",3
836,"(133, 430)","(236, 116)","(322, 70)","(237, 516)","(295, 339)","(0, 0)","(0, 0)","(0, 0)","(0, 0)",3
837,"(132, 434)","(237, 117)","(323, 71)","(238, 514)","(297, 339)","(0, 0)","(0, 0)","(0, 0)","(0, 0)",3
838,"(132, 434)","(237, 118)","(325, 71)","(238, 515)","(297, 339)","(0, 0)","(0, 0)","(0, 0)","(0, 0)",3
839,"(132, 434)","(238, 116)","(327, 70)","(237, 516)","(297, 339)","(0, 0)","(0, 0)","(0, 0)","(0, 0)",3
840,"(132, 433)","(237, 118)","(327, 70)","(237, 515)","(297, 339)","(0, 0)","(0, 0)","(0, 0)","(0, 0)",3
841,"(132, 431)","(239, 115)","(327, 71)","(237, 513)","(297, 339)","(0, 0)","(0, 0)","(0, 0)","(0, 0)",3
842,"(133, 426)","(241, 112)","(328, 71)","(236, 514)","(298, 338)","(0, 0)","(0, 0)","(0, 0)","(0, 0)",3
843,"(134, 421)","(241, 113)","(330, 71)","(236, 512)","(298, 338)","(0, 0)","(0, 0)","(0, 0)","(0, 0)",3
844,"(134, 416)","(244, 112)","(334, 71)","(236, 509)","(298, 338)","(0, 0)","(0, 0)","(0, 0)","(0, 0)",3
845,"(133, 416)","(245, 110)","(334, 72)","(236, 507)","(298, 338)","(0, 0)","(0, 0)","(0, 0)","(0, 0)",3
846,"(134, 411)","(247, 109)","(338, 72)","(235, 508)","(301, 337)","(0, 0)","(0, 0)","(0, 0)","(0, 0)",3
847,"(135, 407)","(249, 108)","(340, 73)","(235, 507)","(302, 337)","(0, 0)","(0, 0)","(0, 0)","(0, 0)",3
848,"(134, 409)","(250, 108)","(341, 74)","(235, 507)","(302, 338)","(0, 0)","(0, 0)","(0, 0)","(0, 0)",3
849,"(135, 406)","(252, 108)","(342, 75)","(235, 507)","(301, 339)","(0, 0)","(0, 0)","(0, 0)","(0, 0)",3
850,"(135, 406)","(254, 107)","(344, 76)","(236, 505)","(303, 340)","(0, 0)","(0, 0)","(0, 0)","(0, 0)",3
851,"(135, 406)","(255, 109)","(347, 77)","(235, 508)","(302, 341)","(0, 0)","(0, 0)","(0, 0)","(0, 0)",3
852,"(136, 403)","(256, 109)","(349, 78)","(235, 508)","(304, 342)","(0, 0)","(0, 0)","(0, 0)","(0, 0)",3
853,"(135, 405)","(259, 108)","(348, 80)","(235, 508)","(305, 343)","(0, 0)","(0, 0)","(0, 0)","(0, 0)",3
854,"(136, 402)","(258, 109)","(351, 81)","(235, 507)","(306, 343)","(0, 0)","(0, 0)","(0, 0)","(0, 0)",3
855,"(136, 401)","(259, 111)","(351, 83)","(235, 507)","(305, 345)","(0, 0)","(0, 0)","(0, 0)","(0, 0)",3
856,"(136, 400)","(260, 111)","(354, 84)","(235, 506)","(306, 345)","(0, 0)","(0, 0)","(0, 0)","(0, 0)",3
857,"(136, 399)","(261, 111)","(353, 86)","(235, 505)","(307, 346)","(0, 0)","(0, 0)","(0, 0)","(0, 0)",3
858,"(134, 403)","(264, 110)","(357, 87)","(234, 507)","(307, 347)","(0, 0)","(0, 0)","(0, 0)","(0, 0)",3
859,"(135, 398)","(266, 112)","(363, 91)","(234, 505)","(309, 349)","(0, 0)","(0, 0)","(0, 0)","(0, 0)",3
860,"(134, 399)","(266, 113)","(362, 94)","(234, 504)","(310, 350)","(0, 0)","(0, 0)","(0, 0)","(0, 0)",3
861,"(134, 397)","(268, 114)","(364, 96)","(233, 505)","(308, 352)","(0, 0)","(0, 0)","(0, 0)","(0, 0)",3
862,"(134, 395)","(270, 112)","(371, 97)","(233, 504)","(310, 353)","(0, 0)","(0, 0)","(0, 0)","(0, 0)",3
863,"(133, 395)","(271, 112)","(368, 100)","(232, 504)","(312, 353)","(0, 0)","(0, 0)","(0, 0)","(0, 0)",3
864,"(133, 392)","(272, 113)","(375, 101)","(232, 502)","(312, 353)","(0, 0)","(0, 0)","(0, 0)","(0, 0)",3
865,"(132, 392)","(273, 112)","(373, 103)","(232, 499)","(312, 354)","(0, 0)","(0, 0)","(0, 0)","(0, 0)",3
866,"(133, 388)","(276, 109)","(374, 104)","(230, 501)","(311, 354)","(0, 0)","(0, 0)","(0, 0)","(0, 0)",3
867,"(132, 387)","(275, 109)","(376, 105)","(230, 499)","(313, 353)","(0, 0)","(0, 0)","(0, 0)","(0, 0)",3
868,"(131, 387)","(276, 108)","(381, 105)","(229, 499)","(312, 353)","(0, 0)","(0, 0)","(0, 0)","(0, 0)",3
869,"(130, 388)","(278, 108)","(383, 106)","(229, 498)","(307, 353)","(0, 0)","(0, 0)","(0, 0)","(0, 0)",3
870,"(132, 384)","(279, 109)","(383, 107)","(230, 496)","(307, 353)","(0, 0)","(0, 0)","(0, 0)","(0, 0)",3
871,"(131, 385)","(280, 107)","(390, 110)","(229, 497)","(312, 354)","(0, 0)","(0, 0)","(0, 0)","(0, 0)",3
872,"(131, 384)","(281, 108)","(390, 111)","(230, 495)","(311, 354)","(0, 0)","(0, 0)","(0, 0)","(0, 0)",3
873,"(130, 385)","(281, 109)","(391, 112)","(229, 496)","(311, 354)","(0, 0)","(0, 0)","(0, 0)","(0, 0)",3
874,"(131, 382)","(285, 108)","(394, 116)","(231, 492)","(314, 355)","(0, 0)","(0, 0)","(0, 0)","(0, 0)",3
875,"(130, 383)","(287, 108)","(395, 117)","(231, 492)","(316, 356)","(418, 501)","(0, 0)","(0, 0)","(0, 0)",3
876,"(130, 383)","(287, 109)","(397, 118)","(231, 492)","(316, 356)","(0, 0)","(0, 0)","(0, 0)","(0, 0)",3
877,"(130, 383)","(289, 107)","(397, 119)","(231, 492)","(315, 356)","(0, 0)","(0, 0)","(0, 0)","(0, 0)",3
878,"(130, 383)","(289, 108)","(401, 121)","(232, 491)","(317, 357)","(0, 0)","(0, 0)","(0, 0)","(0, 0)",3
879,"(130, 383)","(289, 108)","(402, 122)","(232, 491)","(317, 357)","(0, 0)","(0, 0)","(0, 0)","(0, 0)",3
880,"(130, 383)","(290, 108)","(402, 123)","(231, 493)","(318, 358)","(0, 0)","(0, 0)","(0, 0)","(0, 0)",3
881,"(131, 382)","(291, 111)","(402, 124)","(232, 492)","(319, 359)","(0, 0)","(0, 0)","(0, 0)","(0, 0)",3
882,"(131, 382)","(292, 111)","(402, 125)","(233, 491)","(318, 359)","(0, 0)","(0, 0)","(0, 0)","(0, 0)",3
883,"(131, 382)","(293, 110)","(404, 126)","(232, 493)","(319, 360)","(0, 0)","(0, 0)","(0, 0)","(0, 0)",3
884,"(131, 382)","(293, 110)","(403, 127)","(233, 492)","(318, 360)","(0, 0)","(0, 0)","(0, 0)","(0, 0)",3
885,"(131, 382)","(294, 112)","(406, 128)","(233, 492)","(320, 361)","(0, 0)","(0, 0)","(0, 0)","(0, 0)",3
886,"(130, 383)","(295, 112)","(406, 129)","(232, 493)","(319, 361)","(0, 0)","(0, 0)","(0, 0)","(0, 0)",3
887,"(131, 381)","(296, 112)","(408, 130)","(234, 490)","(322, 362)","(0, 0)","(0, 0)","(0, 0)","(0, 0)",3
888,"(132, 379)","(296, 112)","(411, 132)","(234, 490)","(321, 362)","(0, 0)","(0, 0)","(0, 0)","(0, 0)",3
889,"(132, 379)","(299, 112)","(412, 134)","(234, 491)","(321, 363)","(0, 0)","(0, 0)","(0, 0)","(0, 0)",3
890,"(132, 379)","(301, 113)","(412, 135)","(234, 491)","(323, 364)","(0, 0)","(0, 0)","(0, 0)","(0, 0)",3
891,"(133, 377)","(302, 114)","(415, 137)","(235, 490)","(324, 365)","(0, 0)","(0, 0)","(0, 0)","(0, 0)",3
892,"(132, 378)","(302, 114)","(415, 138)","(235, 490)","(324, 365)","(0, 0)","(0, 0)","(0, 0)","(0, 0)",3
893,"(133, 376)","(306, 113)","(417, 139)","(236, 489)","(327, 366)","(0, 0)","(0, 0)","(0, 0)","(0, 0)",3
894,"(133, 375)","(306, 113)","(417, 140)","(237, 487)","(328, 366)","(0, 0)","(0, 0)","(0, 0)","(0, 0)",3
895,"(134, 372)","(309, 115)","(421, 142)","(237, 486)","(330, 366)","(0, 0)","(0, 0)","(0, 0)","(0, 0)",3
896,"(138, 365)","(311, 113)","(422, 143)","(238, 484)","(329, 365)","(0, 0)","(0, 0)","(0, 0)","(0, 0)",3
897,"(138, 363)","(314, 112)","(426, 145)","(238, 483)","(330, 365)","(0, 0)","(0, 0)","(0, 0)","(0, 0)",3
898,"(137, 363)","(316, 113)","(427, 146)","(239, 481)","(331, 365)","(0, 0)","(0, 0)","(0, 0)","(0, 0)",3
899,"(139, 359)","(317, 112)","(428, 147)","(239, 480)","(332, 365)","(0, 0)","(0, 0)","(0, 0)","(0, 0)",3
900,"(138, 359)","(318, 112)","(429, 148)","(240, 478)","(333, 365)","(0, 0)","(0, 0)","(0, 0)","(0, 0)",3
901,"(139, 356)","(320, 111)","(431, 149)","(240, 477)","(334, 365)","(0, 0)","(0, 0)","(0, 0)","(0, 0)",3
902,"(139, 355)","(321, 111)","(432, 150)","(239, 478)","(334, 365)","(0, 0)","(0, 0)","(0, 0)","(0, 0)",3
903,"(140, 353)","(322, 111)","(431, 150)","(241, 475)","(335, 365)","(0, 0)","(0, 0)","(0, 0)","(0, 0)",3
904,"(141, 351)","(324, 112)","(435, 152)","(242, 474)","(336, 365)","(0, 0)","(0, 0)","(0, 0)","(0, 0)",3
905,"(142, 349)","(326, 111)","(435, 153)","(242, 474)","(336, 365)","(0, 0)","(0, 0)","(0, 0)","(0, 0)",3
906,"(145, 345)","(329, 111)","(437, 154)","(243, 473)","(339, 366)","(0, 0)","(0, 0)","(0, 0)","(0, 0)",3
907,"(144, 346)","(329, 111)","(437, 154)","(244, 472)","(338, 365)","(0, 0)","(0, 0)","(0, 0)","(0, 0)",3
908,"(145, 345)","(331, 113)","(441, 156)","(244, 473)","(341, 366)","(0, 0)","(0, 0)","(0, 0)","(0, 0)",3
909,"(145, 345)","(333, 111)","(439, 155)","(245, 472)","(339, 365)","(0, 0)","(0, 0)","(0, 0)","(0, 0)",3
910,"(146, 344)","(332, 111)","(441, 156)","(245, 473)","(342, 366)","(0, 0)","(0, 0)","(0, 0)","(0, 0)",3
911,"(147, 343)","(333, 111)","(441, 156)","(247, 471)","(343, 366)","(0, 0)","(0, 0)","(0, 0)","(0, 0)",3
912,"(149, 340)","(336, 112)","(444, 158)","(248, 470)","(345, 367)","(0, 0)","(0, 0)","(0, 0)","(0, 0)",3
913,"(149, 340)","(337, 112)","(444, 159)","(248, 471)","(344, 367)","(0, 0)","(0, 0)","(0, 0)","(0, 0)",3
914,"(150, 339)","(339, 113)","(446, 161)","(249, 470)","(346, 368)","(0, 0)","(0, 0)","(0, 0)","(0, 0)",3
915,"(151, 338)","(342, 115)","(451, 165)","(250, 469)","(347, 369)","(0, 0)","(0, 0)","(0, 0)","(0, 0)",3
916,"(153, 335)","(344, 116)","(454, 168)","(251, 469)","(346, 369)","(0, 0)","(0, 0)","(0, 0)","(0, 0)",3
917,"(154, 334)","(346, 118)","(455, 170)","(251, 470)","(347, 370)","(0, 0)","(0, 0)","(0, 0)","(0, 0)",3
918,"(157, 330)","(350, 117)","(456, 173)","(253, 469)","(349, 372)","(0, 0)","(0, 0)","(0, 0)","(0, 0)",3
919,"(158, 330)","(352, 121)","(458, 176)","(253, 471)","(352, 375)","(0, 0)","(0, 0)","(0, 0)","(0, 0)",3
920,"(159, 329)","(354, 121)","(461, 179)","(254, 471)","(352, 375)","(0, 0)","(0, 0)","(0, 0)","(0, 0)",3
921,"(159, 330)","(353, 122)","(460, 179)","(255, 470)","(353, 376)","(0, 0)","(0, 0)","(0, 0)","(0, 0)",3
922,"(160, 329)","(355, 123)","(462, 181)","(255, 471)","(353, 376)","(0, 0)","(0, 0)","(0, 0)","(0, 0)",3
923,"(161, 328)","(357, 123)","(462, 182)","(257, 469)","(356, 378)","(0, 0)","(0, 0)","(0, 0)","(0, 0)",3
924,"(162, 327)","(359, 123)","(464, 184)","(257, 470)","(355, 378)","(0, 0)","(0, 0)","(0, 0)","(0, 0)",3
925,"(163, 326)","(360, 126)","(465, 186)","(257, 471)","(356, 379)","(0, 0)","(0, 0)","(0, 0)","(0, 0)",3
926,"(165, 324)","(361, 127)","(465, 187)","(258, 471)","(358, 381)","(0, 0)","(0, 0)","(0, 0)","(0, 0)",3
927,"(166, 324)","(362, 128)","(466, 189)","(259, 471)","(359, 383)","(0, 0)","(0, 0)","(0, 0)","(0, 0)",3
928,"(166, 325)","(364, 129)","(468, 192)","(260, 471)","(359, 384)","(0, 0)","(0, 0)","(0, 0)","(0, 0)",3
929,"(167, 324)","(367, 130)","(470, 195)","(260, 472)","(359, 385)","(0, 0)","(0, 0)","(0, 0)","(0, 0)",3
930,"(170, 321)","(368, 131)","(473, 199)","(257, 476)","(361, 387)","(0, 0)","(0, 0)","(0, 0)","(0, 0)",3
931,"(172, 319)","(370, 132)","(472, 200)","(259, 475)","(362, 388)","(0, 0)","(0, 0)","(0, 0)","(0, 0)",3
932,"(172, 319)","(372, 134)","(474, 202)","(259, 475)","(361, 388)","(0, 0)","(0, 0)","(0, 0)","(0, 0)",3
933,"(172, 319)","(373, 134)","(474, 203)","(258, 476)","(362, 389)","(0, 0)","(0, 0)","(0, 0)","(0, 0)",3
934,"(174, 318)","(374, 134)","(476, 205)","(259, 476)","(360, 388)","(0, 0)","(0, 0)","(0, 0)","(0, 0)",3
935,"(174, 318)","(374, 135)","(476, 206)","(260, 476)","(363, 391)","(0, 0)","(0, 0)","(0, 0)","(0, 0)",3
936,"(173, 319)","(375, 136)","(477, 208)","(261, 476)","(364, 392)","(0, 0)","(0, 0)","(0, 0)","(0, 0)",3
937,"(175, 318)","(375, 137)","(478, 210)","(260, 478)","(363, 392)","(0, 0)","(0, 0)","(0, 0)","(0, 0)",3
938,"(176, 318)","(377, 138)","(479, 211)","(261, 478)","(365, 394)","(0, 0)","(0, 0)","(0, 0)","(0, 0)",3
939,"(176, 318)","(379, 139)","(480, 213)","(262, 478)","(364, 394)","(0, 0)","(0, 0)","(0, 0)","(0, 0)",3
940,"(177, 318)","(379, 141)","(481, 215)","(263, 478)","(366, 396)","(0, 0)","(0, 0)","(0, 0)","(0, 0)",3
941,"(177, 319)","(379, 141)","(481, 216)","(263, 479)","(368, 398)","(0, 0)","(0, 0)","(0, 0)","(0, 0)",3
942,"(178, 319)","(380, 143)","(482, 218)","(262, 481)","(368, 399)","(0, 0)","(0, 0)","(0, 0)","(0, 0)",3
943,"(179, 319)","(381, 144)","(484, 221)","(264, 481)","(368, 400)","(0, 0)","(0, 0)","(0, 0)","(0, 0)",3
944,"(180, 319)","(383, 146)","(486, 224)","(266, 481)","(370, 402)","(0, 0)","(0, 0)","(0, 0)","(0, 0)",3
945,"(180, 320)","(385, 147)","(487, 226)","(266, 482)","(371, 403)","(0, 0)","(0, 0)","(0, 0)","(0, 0)",3
946,"(181, 320)","(386, 148)","(487, 227)","(268, 482)","(372, 404)","(0, 0)","(0, 0)","(0, 0)","(0, 0)",3
947,"(183, 319)","(388, 150)","(490, 230)","(269, 482)","(373, 405)","(0, 0)","(0, 0)","(0, 0)","(0, 0)",3
948,"(184, 319)","(388, 151)","(490, 231)","(269, 483)","(374, 406)","(0, 0)","(0, 0)","(0, 0)","(0, 0)",3
949,"(186, 318)","(393, 152)","(492, 235)","(269, 484)","(375, 407)","(0, 0)","(0, 0)","(0, 0)","(0, 0)",3
950,"(185, 319)","(392, 153)","(492, 235)","(270, 484)","(376, 408)","(0, 0)","(0, 0)","(0, 0)","(0, 0)",3
951,"(187, 318)","(396, 155)","(494, 238)","(271, 484)","(378, 409)","(0, 0)","(0, 0)","(0, 0)","(0, 0)",3
952,"(189, 317)","(396, 155)","(496, 240)","(272, 484)","(380, 410)","(0, 0)","(0, 0)","(0, 0)","(0, 0)",3
953,"(192, 315)","(399, 156)","(499, 243)","(274, 483)","(382, 411)","(0, 0)","(0, 0)","(0, 0)","(0, 0)",3
954,"(194, 314)","(401, 157)","(500, 245)","(276, 483)","(383, 411)","(0, 0)","(0, 0)","(0, 0)","(0, 0)",3
955,"(194, 314)","(403, 159)","(501, 246)","(278, 482)","(384, 411)","(0, 0)","(0, 0)","(0, 0)","(0, 0)",3
956,"(197, 312)","(406, 160)","(505, 249)","(280, 481)","(384, 410)","(0, 0)","(0, 0)","(0, 0)","(0, 0)",3
957,"(200, 310)","(409, 160)","(507, 251)","(281, 481)","(388, 412)","(0, 0)","(0, 0)","(0, 0)","(0, 0)",3
958,"(200, 310)","(409, 161)","(507, 251)","(281, 481)","(389, 412)","(0, 0)","(0, 0)","(0, 0)","(0, 0)",3
959,"(200, 310)","(413, 162)","(511, 255)","(283, 480)","(389, 412)","(0, 0)","(0, 0)","(0, 0)","(0, 0)",3
960,"(203, 308)","(414, 163)","(513, 258)","(284, 479)","(387, 409)","(0, 0)","(0, 0)","(0, 0)","(0, 0)",3
961,"(204, 307)","(416, 163)","(515, 260)","(285, 479)","(388, 409)","(0, 0)","(0, 0)","(0, 0)","(0, 0)",3
962,"(206, 306)","(418, 165)","(516, 261)","(286, 479)","(387, 407)","(0, 0)","(0, 0)","(0, 0)","(0, 0)",3
963,"(207, 306)","(420, 166)","(517, 262)","(288, 479)","(393, 413)","(0, 0)","(0, 0)","(0, 0)","(0, 0)",3
964,"(209, 306)","(421, 168)","(518, 263)","(289, 480)","(393, 412)","(0, 0)","(0, 0)","(0, 0)","(0, 0)",3
965,"(211, 306)","(424, 169)","(522, 268)","(291, 480)","(393, 411)","(0, 0)","(0, 0)","(0, 0)","(0, 0)",3
966,"(212, 306)","(426, 170)","(522, 268)","(291, 481)","(395, 413)","(0, 0)","(0, 0)","(0, 0)","(0, 0)",3
967,"(213, 306)","(426, 169)","(524, 270)","(293, 481)","(397, 415)","(0, 0)","(0, 0)","(0, 0)","(0, 0)",3
968,"(216, 305)","(428, 172)","(524, 270)","(294, 481)","(396, 413)","(0, 0)","(0, 0)","(0, 0)","(0, 0)",3
969,"(215, 306)","(429, 172)","(525, 271)","(295, 481)","(401, 418)","(0, 0)","(0, 0)","(0, 0)","(0, 0)",3
970,"(216, 306)","(431, 173)","(526, 272)","(297, 481)","(400, 416)","(0, 0)","(0, 0)","(0, 0)","(0, 0)",3
971,"(218, 305)","(433, 173)","(527, 273)","(298, 481)","(403, 419)","(0, 0)","(0, 0)","(0, 0)","(0, 0)",3
972,"(218, 305)","(434, 174)","(529, 275)","(298, 481)","(404, 419)","(0, 0)","(0, 0)","(0, 0)","(0, 0)",3
973,"(220, 304)","(435, 175)","(530, 276)","(299, 481)","(404, 418)","(0, 0)","(0, 0)","(0, 0)","(0, 0)",3
974,"(222, 303)","(435, 174)","(531, 277)","(300, 481)","(405, 419)","(0, 0)","(0, 0)","(0, 0)","(0, 0)",3
975,"(222, 303)","(437, 175)","(531, 277)","(301, 481)","(405, 419)","(0, 0)","(0, 0)","(0, 0)","(0, 0)",3
976,"(222, 303)","(437, 176)","(533, 280)","(301, 481)","(407, 422)","(0, 0)","(0, 0)","(0, 0)","(0, 0)",3
977,"(222, 303)","(438, 176)","(532, 279)","(300, 481)","(407, 422)","(0, 0)","(0, 0)","(0, 0)","(0, 0)",3
978,"(222, 303)","(437, 177)","(531, 278)","(301, 480)","(405, 419)","(0, 0)","(0, 0)","(0, 0)","(0, 0)",3
979,"(222, 302)","(438, 176)","(534, 282)","(301, 480)","(406, 420)","(0, 0)","(0, 0)","(0, 0)","(0, 0)",3
980,"(222, 302)","(438, 176)","(532, 280)","(301, 480)","(406, 420)","(0, 0)","(0, 0)","(0, 0)","(0, 0)",3
981,"(222, 302)","(437, 176)","(534, 283)","(301, 480)","(406, 420)","(0, 0)","(0, 0)","(0, 0)","(0, 0)",3
982,"(224, 301)","(438, 175)","(534, 283)","(301, 480)","(406, 420)","(0, 0)","(0, 0)","(0, 0)","(0, 0)",3
983,"(221, 303)","(438, 175)","(534, 283)","(301, 480)","(406, 420)","(0, 0)","(0, 0)","(0, 0)","(0, 0)",3
984,"(223, 302)","(438, 175)","(534, 283)","(301, 480)","(406, 420)","(0, 0)","(0, 0)","(0, 0)","(0, 0)",3
985,"(222, 302)","(439, 176)","(534, 283)","(301, 480)","(406, 420)","(0, 0)","(0, 0)","(0, 0)","(0, 0)",3
986,"(224, 301)","(439, 176)","(534, 283)","(301, 480)","(406, 420)","(0, 0)","(0, 0)","(0, 0)","(0, 0)",3
987,"(221, 303)","(439, 176)","(533, 282)","(301, 480)","(405, 419)","(0, 0)","(0, 0)","(0, 0)","(0, 0)",3
988,"(221, 303)","(439, 176)","(533, 282)","(301, 480)","(405, 419)","(0, 0)","(0, 0)","(0, 0)","(0, 0)",3
989,"(223, 302)","(439, 175)","(533, 282)","(300, 481)","(407, 422)","(0, 0)","(0, 0)","(0, 0)","(0, 0)",3
990,"(222, 303)","(438, 176)","(533, 282)","(302, 480)","(405, 419)","(0, 0)","(0, 0)","(0, 0)","(0, 0)",3
991,"(223, 302)","(438, 175)","(534, 283)","(302, 480)","(407, 422)","(0, 0)","(0, 0)","(0, 0)","(0, 0)",3
992,"(223, 302)","(438, 175)","(533, 282)","(302, 480)","(407, 422)","(0, 0)","(0, 0)","(0, 0)","(0, 0)",3
993,"(223, 302)","(438, 175)","(533, 282)","(300, 481)","(406, 420)","(0, 0)","(0, 0)","(0, 0)","(0, 0)",3
994,"(223, 302)","(437, 176)","(534, 283)","(302, 480)","(406, 420)","(0, 0)","(0, 0)","(0, 0)","(0, 0)",3
995,"(223, 302)","(438, 175)","(534, 283)","(300, 481)","(405, 419)","(0, 0)","(0, 0)","(0, 0)","(0, 0)",3
996,"(223, 302)","(438, 175)","(534, 283)","(300, 481)","(405, 419)","(0, 0)","(0, 0)","(0, 0)","(0, 0)",3
997,"(223, 302)","(437, 176)","(534, 283)","(300, 481)","(405, 419)","(0, 0)","(0, 0)","(0, 0)","(0, 0)",3
998,"(223, 302)","(438, 175)","(534, 283)","(300, 481)","(406, 420)","(0, 0)","(0, 0)","(0, 0)","(0, 0)",3
999,"(223, 302)","(437, 176)","(531, 279)","(302, 480)","(405, 419)","(0, 0)","(0, 0)","(0, 0)","(0, 0)",3
1000,"(223, 302)","(437, 175)","(531, 279)","(301, 481)","(405, 419)","(0, 0)","(0, 0)","(0, 0)","(0, 0)",3
1001,"(223, 302)","(437, 176)","(531, 279)","(301, 481)","(405, 419)","(0, 0)","(0, 0)","(0, 0)","(0, 0)",3
1002,"(222, 303)","(437, 176)","(532, 280)","(301, 481)","(406, 420)","(0, 0)","(0, 0)","(0, 0)","(0, 0)",3
1003,"(222, 303)","(437, 176)","(532, 280)","(301, 481)","(405, 419)","(0, 0)","(0, 0)","(0, 0)","(0, 0)",3
1004,"(222, 303)","(438, 177)","(532, 280)","(301, 481)","(406, 420)","(0, 0)","(0, 0)","(0, 0)","(0, 0)",3
1005,"(222, 303)","(437, 176)","(533, 281)","(301, 481)","(405, 419)","(0, 0)","(0, 0)","(0, 0)","(0, 0)",3
1006,"(222, 303)","(439, 175)","(533, 281)","(301, 481)","(405, 419)","(0, 0)","(0, 0)","(0, 0)","(0, 0)",3
1007,"(222, 303)","(439, 177)","(533, 281)","(301, 481)","(405, 419)","(0, 0)","(0, 0)","(0, 0)","(0, 0)",3
1008,"(222, 303)","(439, 176)","(533, 281)","(301, 481)","(405, 419)","(0, 0)","(0, 0)","(0, 0)","(0, 0)",3
1009,"(222, 303)","(438, 176)","(533, 281)","(301, 481)","(405, 419)","(0, 0)","(0, 0)","(0, 0)","(0, 0)",3
1010,"(222, 303)","(439, 176)","(533, 281)","(301, 481)","(404, 418)","(0, 0)","(0, 0)","(0, 0)","(0, 0)",3
1011,"(224, 302)","(438, 176)","(533, 281)","(301, 481)","(404, 418)","(0, 0)","(0, 0)","(0, 0)","(0, 0)",3
1012,"(221, 304)","(438, 176)","(534, 282)","(301, 481)","(404, 418)","(0, 0)","(0, 0)","(0, 0)","(0, 0)",3
1013,"(223, 303)","(437, 177)","(530, 277)","(300, 482)","(404, 418)","(0, 0)","(0, 0)","(0, 0)","(0, 0)",3
1014,"(223, 303)","(437, 177)","(531, 278)","(300, 482)","(404, 418)","(0, 0)","(0, 0)","(0, 0)","(0, 0)",3
1015,"(223, 303)","(438, 176)","(532, 279)","(300, 482)","(404, 418)","(0, 0)","(0, 0)","(0, 0)","(0, 0)",3
1016,"(222, 304)","(438, 176)","(532, 279)","(300, 482)","(404, 418)","(0, 0)","(0, 0)","(0, 0)","(0, 0)",3
1017,"(222, 304)","(437, 176)","(531, 277)","(300, 482)","(404, 418)","(0, 0)","(0, 0)","(0, 0)","(0, 0)",3
1018,"(221, 305)","(436, 175)","(531, 277)","(299, 483)","(403, 417)","(0, 0)","(0, 0)","(0, 0)","(0, 0)",3
1019,"(219, 307)","(437, 176)","(532, 278)","(299, 484)","(404, 419)","(0, 0)","(0, 0)","(0, 0)","(0, 0)",3
1020,"(222, 306)","(437, 175)","(532, 278)","(299, 484)","(404, 419)","(0, 0)","(0, 0)","(0, 0)","(0, 0)",3
1021,"(221, 307)","(436, 175)","(530, 275)","(300, 484)","(404, 419)","(0, 0)","(0, 0)","(0, 0)","(0, 0)",3
1022,"(221, 307)","(436, 175)","(531, 276)","(300, 484)","(403, 418)","(0, 0)","(0, 0)","(0, 0)","(0, 0)",3
1023,"(220, 308)","(435, 175)","(527, 270)","(298, 485)","(402, 417)","(0, 0)","(0, 0)","(0, 0)","(0, 0)",3
1024,"(219, 308)","(435, 175)","(529, 272)","(297, 485)","(399, 413)","(0, 0)","(0, 0)","(0, 0)","(0, 0)",3
1025,"(219, 308)","(435, 175)","(527, 267)","(297, 485)","(401, 415)","(0, 0)","(0, 0)","(0, 0)","(0, 0)",3
1026,"(219, 308)","(431, 172)","(527, 266)","(296, 485)","(401, 415)","(0, 0)","(0, 0)","(0, 0)","(0, 0)",3
1027,"(219, 308)","(432, 171)","(524, 261)","(296, 485)","(398, 411)","(0, 0)","(0, 0)","(0, 0)","(0, 0)",3
1028,"(218, 309)","(429, 169)","(523, 257)","(296, 485)","(402, 415)","(0, 0)","(0, 0)","(0, 0)","(0, 0)",3
1029,"(217, 310)","(425, 165)","(517, 247)","(294, 486)","(399, 412)","(0, 0)","(0, 0)","(0, 0)","(0, 0)",3
1030,"(214, 312)","(422, 163)","(513, 243)","(294, 486)","(400, 413)","(0, 0)","(0, 0)","(0, 0)","(0, 0)",3
1031,"(213, 313)","(419, 161)","(511, 240)","(291, 487)","(396, 410)","(0, 0)","(0, 0)","(0, 0)","(0, 0)",3
1032,"(210, 315)","(413, 159)","(508, 235)","(290, 486)","(393, 408)","(0, 0)","(0, 0)","(0, 0)","(0, 0)",3
1033,"(209, 315)","(411, 157)","(507, 233)","(287, 487)","(393, 408)","(0, 0)","(0, 0)","(0, 0)","(0, 0)",3
1034,"(205, 317)","(408, 154)","(502, 228)","(285, 487)","(390, 406)","(0, 0)","(0, 0)","(0, 0)","(0, 0)",3
1035,"(204, 317)","(404, 152)","(500, 225)","(283, 487)","(387, 404)","(0, 0)","(0, 0)","(0, 0)","(0, 0)",3
1036,"(202, 318)","(404, 151)","(500, 224)","(283, 486)","(386, 403)","(0, 0)","(0, 0)","(0, 0)","(0, 0)",3
1037,"(201, 318)","(401, 150)","(496, 220)","(281, 486)","(384, 401)","(0, 0)","(0, 0)","(0, 0)","(0, 0)",3
1038,"(199, 319)","(397, 147)","(494, 217)","(279, 486)","(383, 400)","(0, 0)","(0, 0)","(0, 0)","(0, 0)",3
1039,"(195, 321)","(393, 144)","(491, 211)","(276, 486)","(380, 397)","(0, 0)","(0, 0)","(0, 0)","(0, 0)",3
1040,"(192, 323)","(390, 141)","(487, 205)","(275, 486)","(374, 392)","(0, 0)","(0, 0)","(0, 0)","(0, 0)",3
1041,"(189, 325)","(385, 139)","(483, 200)","(273, 486)","(374, 392)","(0, 0)","(0, 0)","(0, 0)","(0, 0)",3
1042,"(190, 324)","(384, 137)","(480, 196)","(272, 486)","(374, 391)","(0, 0)","(0, 0)","(0, 0)","(0, 0)",3
1043,"(187, 326)","(379, 138)","(478, 193)","(275, 482)","(372, 389)","(0, 0)","(0, 0)","(0, 0)","(0, 0)",3
1044,"(185, 328)","(376, 137)","(477, 191)","(274, 483)","(370, 387)","(0, 0)","(0, 0)","(0, 0)","(0, 0)",3
1045,"(184, 330)","(375, 134)","(475, 188)","(273, 484)","(369, 386)","(0, 0)","(0, 0)","(0, 0)","(0, 0)",3
1046,"(184, 330)","(373, 135)","(475, 187)","(273, 484)","(369, 386)","(0, 0)","(0, 0)","(0, 0)","(0, 0)",3
1047,"(183, 332)","(373, 133)","(474, 186)","(272, 486)","(369, 386)","(0, 0)","(0, 0)","(0, 0)","(0, 0)",3
1048,"(183, 333)","(371, 133)","(471, 183)","(272, 486)","(368, 385)","(0, 0)","(0, 0)","(0, 0)","(0, 0)",3
1049,"(181, 336)","(369, 133)","(471, 182)","(272, 486)","(368, 385)","(0, 0)","(0, 0)","(0, 0)","(0, 0)",3
1050,"(181, 336)","(370, 131)","(471, 182)","(272, 486)","(368, 385)","(0, 0)","(0, 0)","(0, 0)","(0, 0)",3
1051,"(182, 335)","(370, 131)","(469, 180)","(272, 487)","(368, 385)","(0, 0)","(0, 0)","(0, 0)","(0, 0)",3
1052,"(182, 335)","(371, 131)","(469, 180)","(273, 485)","(368, 385)","(0, 0)","(0, 0)","(0, 0)","(0, 0)",3
1053,"(182, 335)","(371, 131)","(469, 180)","(272, 487)","(366, 384)","(0, 0)","(0, 0)","(0, 0)","(0, 0)",3
1054,"(181, 337)","(368, 132)","(469, 180)","(271, 488)","(367, 385)","(0, 0)","(0, 0)","(0, 0)","(0, 0)",3
1055,"(181, 337)","(367, 132)","(468, 179)","(271, 488)","(365, 384)","(0, 0)","(0, 0)","(0, 0)","(0, 0)",3
1056,"(181, 337)","(367, 132)","(468, 179)","(271, 488)","(366, 385)","(0, 0)","(0, 0)","(0, 0)","(0, 0)",3
1057,"(179, 341)","(363, 131)","(465, 176)","(270, 490)","(364, 384)","(0, 0)","(0, 0)","(0, 0)","(0, 0)",3
1058,"(177, 345)","(360, 130)","(459, 171)","(269, 492)","(363, 384)","(0, 0)","(0, 0)","(0, 0)","(0, 0)",3
1059,"(177, 346)","(357, 129)","(456, 168)","(268, 494)","(363, 384)","(0, 0)","(0, 0)","(0, 0)","(0, 0)",3
1060,"(175, 351)","(354, 129)","(453, 164)","(268, 495)","(359, 382)","(0, 0)","(0, 0)","(0, 0)","(0, 0)",3
1061,"(172, 357)","(348, 128)","(448, 159)","(267, 497)","(359, 382)","(0, 0)","(0, 0)","(0, 0)","(0, 0)",3
1062,"(170, 362)","(346, 127)","(444, 155)","(267, 498)","(355, 380)","(0, 0)","(0, 0)","(0, 0)","(0, 0)",3
1063,"(169, 366)","(340, 126)","(438, 149)","(263, 505)","(351, 378)","(440, 596)","(0, 0)","(0, 0)","(0, 0)",3
1064,"(166, 373)","(330, 127)","(428, 141)","(262, 507)","(347, 377)","(0, 0)","(0, 0)","(0, 0)","(0, 0)",3
1065,"(164, 376)","(323, 125)","(421, 136)","(260, 509)","(344, 377)","(0, 0)","(0, 0)","(0, 0)","(0, 0)",3
1066,"(161, 381)","(319, 126)","(416, 133)","(258, 511)","(339, 375)","(0, 0)","(0, 0)","(0, 0)","(0, 0)",3
1067,"(159, 384)","(314, 127)","(413, 130)","(256, 513)","(337, 374)","(0, 0)","(0, 0)","(0, 0)","(0, 0)",3
1068,"(159, 384)","(312, 125)","(409, 127)","(256, 513)","(336, 373)","(0, 0)","(0, 0)","(0, 0)","(0, 0)",3
1069,"(159, 386)","(309, 123)","(407, 123)","(258, 510)","(337, 370)","(0, 0)","(0, 0)","(0, 0)","(0, 0)",3
1070,"(159, 387)","(308, 120)","(406, 120)","(257, 511)","(335, 367)","(0, 0)","(0, 0)","(0, 0)","(0, 0)",3
1071,"(160, 386)","(303, 119)","(403, 116)","(259, 508)","(337, 364)","(0, 0)","(0, 0)","(0, 0)","(0, 0)",3
1072,"(159, 388)","(300, 118)","(394, 112)","(258, 509)","(336, 362)","(0, 0)","(0, 0)","(0, 0)","(0, 0)",3
1073,"(158, 389)","(301, 115)","(394, 110)","(258, 509)","(336, 361)","(0, 0)","(0, 0)","(0, 0)","(0, 0)",3
1074,"(159, 387)","(300, 115)","(393, 110)","(258, 509)","(336, 361)","(0, 0)","(0, 0)","(0, 0)","(0, 0)",3
1075,"(159, 387)","(300, 115)","(395, 110)","(259, 508)","(336, 362)","(0, 0)","(0, 0)","(0, 0)","(0, 0)",3
1076,"(159, 387)","(302, 115)","(394, 111)","(258, 510)","(337, 363)","(0, 0)","(0, 0)","(0, 0)","(0, 0)",3
1077,"(159, 387)","(300, 116)","(395, 112)","(258, 510)","(337, 364)","(0, 0)","(0, 0)","(0, 0)","(0, 0)",3
1078,"(159, 387)","(301, 116)","(396, 112)","(259, 509)","(337, 364)","(0, 0)","(0, 0)","(0, 0)","(0, 0)",3
1079,"(160, 385)","(301, 116)","(396, 112)","(258, 510)","(337, 364)","(0, 0)","(0, 0)","(0, 0)","(0, 0)",3
1080,"(159, 386)","(301, 116)","(396, 112)","(258, 509)","(337, 364)","(0, 0)","(0, 0)","(0, 0)","(0, 0)",3
1081,"(158, 388)","(300, 117)","(396, 112)","(259, 508)","(337, 364)","(0, 0)","(0, 0)","(0, 0)","(0, 0)",3
1082,"(160, 385)","(301, 116)","(396, 112)","(258, 510)","(337, 364)","(0, 0)","(0, 0)","(0, 0)","(0, 0)",3
1083,"(160, 385)","(301, 116)","(396, 112)","(258, 510)","(338, 364)","(0, 0)","(0, 0)","(0, 0)","(0, 0)",3
1084,"(159, 386)","(301, 116)","(396, 112)","(259, 508)","(337, 364)","(0, 0)","(0, 0)","(0, 0)","(0, 0)",3
1085,"(159, 386)","(301, 116)","(396, 112)","(259, 508)","(337, 365)","(0, 0)","(0, 0)","(0, 0)","(0, 0)",3
1086,"(159, 386)","(301, 116)","(395, 112)","(259, 508)","(338, 364)","(0, 0)","(0, 0)","(0, 0)","(0, 0)",3
1087,"(160, 385)","(301, 116)","(396, 112)","(259, 508)","(337, 364)","(0, 0)","(0, 0)","(0, 0)","(0, 0)",3
1088,"(159, 386)","(301, 117)","(397, 112)","(258, 510)","(337, 364)","(0, 0)","(0, 0)","(0, 0)","(0, 0)",3
1089,"(159, 386)","(301, 117)","(396, 112)","(258, 510)","(337, 364)","(0, 0)","(0, 0)","(0, 0)","(0, 0)",3
1090,"(159, 386)","(300, 117)","(396, 112)","(259, 508)","(338, 364)","(0, 0)","(0, 0)","(0, 0)","(0, 0)",3
1091,"(159, 386)","(301, 116)","(396, 112)","(259, 508)","(337, 364)","(0, 0)","(0, 0)","(0, 0)","(0, 0)",3
1092,"(159, 386)","(301, 116)","(395, 112)","(259, 508)","(337, 364)","(0, 0)","(0, 0)","(0, 0)","(0, 0)",3
1093,"(159, 386)","(300, 117)","(396, 112)","(259, 508)","(337, 364)","(0, 0)","(0, 0)","(0, 0)","(0, 0)",3
1094,"(159, 386)","(300, 117)","(396, 112)","(259, 508)","(337, 364)","(0, 0)","(0, 0)","(0, 0)","(0, 0)",3
1095,"(159, 386)","(300, 117)","(396, 112)","(259, 508)","(337, 364)","(0, 0)","(0, 0)","(0, 0)","(0, 0)",3
1096,"(159, 386)","(301, 117)","(396, 112)","(259, 508)","(337, 364)","(0, 0)","(0, 0)","(0, 0)","(0, 0)",3
1097,"(159, 386)","(300, 117)","(396, 112)","(259, 508)","(337, 364)","(0, 0)","(0, 0)","(0, 0)","(0, 0)",3
1098,"(159, 386)","(301, 117)","(396, 112)","(258, 510)","(338, 364)","(0, 0)","(0, 0)","(0, 0)","(0, 0)",3
1099,"(159, 386)","(302, 115)","(396, 112)","(259, 508)","(338, 364)","(0, 0)","(0, 0)","(0, 0)","(0, 0)",3
1100,"(159, 386)","(302, 115)","(397, 112)","(259, 508)","(337, 364)","(0, 0)","(0, 0)","(0, 0)","(0, 0)",3
1101,"(159, 386)","(300, 117)","(397, 112)","(259, 508)","(338, 364)","(0, 0)","(0, 0)","(0, 0)","(0, 0)",3
1102,"(159, 386)","(301, 115)","(397, 112)","(259, 508)","(337, 364)","(0, 0)","(0, 0)","(0, 0)","(0, 0)",3
1103,"(159, 386)","(300, 118)","(399, 112)","(259, 508)","(338, 364)","(0, 0)","(0, 0)","(0, 0)","(0, 0)",3
1104,"(159, 386)","(300, 117)","(397, 112)","(258, 509)","(337, 364)","(0, 0)","(0, 0)","(0, 0)","(0, 0)",3
1105,"(159, 386)","(301, 115)","(398, 112)","(259, 508)","(337, 364)","(0, 0)","(0, 0)","(0, 0)","(0, 0)",3
1106,"(159, 386)","(302, 115)","(399, 112)","(258, 509)","(338, 364)","(0, 0)","(0, 0)","(0, 0)","(0, 0)",3
1107,"(159, 386)","(301, 117)","(398, 112)","(259, 508)","(337, 364)","(0, 0)","(0, 0)","(0, 0)","(0, 0)",3
1108,"(159, 386)","(301, 117)","(397, 112)","(258, 509)","(337, 364)","(0, 0)","(0, 0)","(0, 0)","(0, 0)",3
1109,"(159, 386)","(301, 117)","(399, 112)","(258, 509)","(337, 364)","(0, 0)","(0, 0)","(0, 0)","(0, 0)",3
1110,"(160, 384)","(301, 117)","(399, 112)","(258, 509)","(337, 364)","(0, 0)","(0, 0)","(0, 0)","(0, 0)",3
1111,"(159, 386)","(300, 117)","(397, 112)","(258, 509)","(337, 364)","(0, 0)","(0, 0)","(0, 0)","(0, 0)",3
1112,"(159, 386)","(301, 117)","(397, 112)","(258, 509)","(337, 364)","(0, 0)","(0, 0)","(0, 0)","(0, 0)",3
1113,"(160, 385)","(300, 117)","(396, 112)","(258, 509)","(337, 364)","(0, 0)","(0, 0)","(0, 0)","(0, 0)",3
1114,"(159, 386)","(301, 116)","(396, 112)","(258, 509)","(337, 364)","(0, 0)","(0, 0)","(0, 0)","(0, 0)",3
1115,"(159, 386)","(300, 117)","(397, 112)","(258, 509)","(337, 364)","(398, 113)","(0, 0)","(0, 0)","(0, 0)",3
1116,"(159, 386)","(300, 118)","(400, 112)","(258, 509)","(337, 364)","(0, 0)","(0, 0)","(0, 0)","(0, 0)",3
1117,"(159, 386)","(300, 118)","(397, 112)","(258, 509)","(337, 364)","(0, 0)","(0, 0)","(0, 0)","(0, 0)",3
1118,"(159, 386)","(300, 117)","(398, 112)","(258, 509)","(337, 364)","(399, 113)","(0, 0)","(0, 0)","(0, 0)",3
1119,"(159, 386)","(301, 116)","(397, 112)","(258, 509)","(336, 364)","(0, 0)","(0, 0)","(0, 0)","(0, 0)",3
1120,"(160, 385)","(300, 117)","(397, 112)","(258, 509)","(336, 364)","(0, 0)","(0, 0)","(0, 0)","(0, 0)",3
1121,"(159, 386)","(301, 116)","(397, 112)","(258, 509)","(337, 364)","(0, 0)","(0, 0)","(0, 0)","(0, 0)",3
1122,"(160, 385)","(301, 117)","(397, 112)","(258, 509)","(337, 364)","(0, 0)","(0, 0)","(0, 0)","(0, 0)",3
